14370:
2.6599509044220984
4584:
1.4471033886245646
8619:
2.5728680760498817
2.982367637411966
3.527662727130267
2.038936825402097
2.6641735727180746
2.6628869161109967
3.2638963030993304
2.6452554016406102
2.9344668439980373
6085:
4.044289583145175
3.7724006547138815
4.123724179529372
4.170847434219868
3.8609240815964396
3.5723570495259493
3.156940106195074
3.257320039610493
3.9568821395874982
15389:
3.188264591051478
3.714017837327817
5561:
4.305690010547965
3.4064497109773693
4.671517984860709
4.088048440466655
3.7651209464268462
3.825222173738084
3.9864927623942643
4.1859411647923945
4.519857966271732
3.645614187059475
4.0407564701401535
4.230283177936986
4.341258173221361
4.2234004877261375
4.001705182390723
4.0272362722289685
3.815054917794729
3.781771021674913
3.718109206632379
4.3882540561445635
3.6853970911221867
4.0508263615788955
4.054087208900184
4.169011139138086
3.906151352923251
4.10682212820365
3.8407104064640416
4.02477554619364
4.285291016445919
3.786156790655112
2.385883025556555
4.167168976387145
13352:
2.469542238324638
12003:
3.728854614000843
3.685107666624018
4.01437247786801
3.451865555203604
3.4200961693552507
3.6483900356277883
3.916645948882159
3.814765111911691
3.4567670561647668
3.8038860750112855
3.3150748161308834
3.4015257809299655
3.832618272151537
3.8498693460878104
4.129006243837157
3.9347153974222246
3.1575917055435303
3.080797817297552
3.589132363700351
3.8888318802946515
3.0334505510352012
4.401276505212716
3.820319439697221
3.8251568356557883
3.8077268151673134
3.6060495006412774
4.037054747985945
4.192148843797205
4.038036442300994
4.377827335962388
3.6964712652084857
3.9838903015686338
3.423659801012567
3.750377674096757
4.30454137797516
3.4859287313554246
3.257010153589358
3.710966310883464
3.559246776425706
4.148066104669825
4.178928740416846
4.084825089594601
3.9341896405454544
3.568059241580562
3.3526681902081727
3.165960366932663
3.5623198078774365
4.170976920650701
3.800246074009801
2.411176630365559
15881:
2.2098349046955064
6123:
3.5190602374240294
2.8192705612868605
3.3862717919224448
2.564412728305336
2.3191383889850097
1348:
2.458995557990386
5732:
3.981071907924834
4.343092171000677
3.7138318742282608
4.807777550056851
3.9161099827138806
3.5633071792292137
4.0179543354430685
4.002644691500958
4.111240410813711
4.132731168805995
3.791939993798883
4.186705408183934
4.276152610225678
3.545467857324287
3.9883006029855173
2.9928981361663993
4.639614198581392
4.068795515421034
4.103778058054433
4.473639248235704
3.9069814468455113
4.025874811989716
3.515781624935645
4.205759269323517
3.9119723330522516
4.249040230754797
3.730944924474932
4.732703289138591
3.9214574581848076
3.9762924664091135
3.5036318867807075
4.793177445505445
3.6202859571486363
3.862558799635363
3.4511100330840456
3.7307351608631643
4.3599427145007965
4.489854061943269
3.7229757196370397
3.9902853837797343
4.549047378216518
4.119609840147747
3.7429384234532623
4.195887810866277
3.8739080977880667
4.1832399648444305
4.495816977078053
7705:
3.5147340718772324
2.188611476063716
2.7498285848644453
2.488251283160307
11890:
3.5710451981705047
10276:
4.067162215078801
424:
4.818250789163975
3.6408379614927693
3.5234862351031606
3.3315491868126474
3.383846327122509
3.6261922924683145
3.4336183846805275
2.883585453231839
3.4504382945473697
4.12784372337727
3.9603599453179528
3.919985090162638
3.5265067303289372
3.111480312711989
4.080074491182861
3.850519645661746
3.601106755408853
3.5443803560154237
3.403718001748747
3.954609721068563
3.205745787845909
3.4544727481460433
8539:
3.0122183183078652
2.548434147760263
3.2015845148537223
3.8160886716708533
4.3603497151613855
3.9264818792040153
3.927832404094637
8376:
4.174448240907237
3.5852766664809708
3.9934443641463373
3.8000033311319554
4.209593949641736
10271:
3.0872908811476787
3.505992767101595
3.413653322942389
3.5114033131772806
3.2482235073959163
2.8483642107272336
2.3172024321278504
226:
2.352792526693463
8576:
2.3319749858522525
1897:
3.1949015168981396
12962:
3.3037539711428994
3835:
2.866680809408602
2.3552190560939548
2.2818958270591483
3.786460749241541
3.421591122163075
3.3543170843108494
2.9094881712846035
2.7901417016344614
3.2509126946039117
2.412860463778605
2.2852366686803234
2.1051980434697866
13102:
3.867286276774051
2.6914274584654785
3.2591419353529365
2.842190696156306
3.036399278739916
2.582990052511747
3.172130688899509
3.3392117864697743
10851:
4.227677643509812
2.7944794255639502
3.8950444603382137
3.9318333317993015
3.3244141041103945
7055:
3.0774884857233893
3.515423592072637
3.3420578863039054
3.1663268412391483
3.747207906112083
2.9370134120228486
3.13005569527919
3.709076004399795
3.149418811542566
3.2793994006995093
3.659291773498706
2.9251211609980015
4.027316738227378
3.829075522149287
4.274906799175901
3.3745021263424313
3.3308508455422627
3.883085774162278
3.5227635446838312
3.561045309413492
3.4595350155107423
3.3588759715101326
3.488372746315467
3.427116825336151
3.781836682188126
3.8607429859840128
3.2254972716978285
3.8610635699732927
4.082114030840601
3.6219266061829547
3.2509812746732156
3.084824875076487
3.456083244566038
3.9020052283653412
3.0625924496713064
2.4225942422685653
3.114262519056787
3.9231100722328387
3.6963496801430247
3.8134253810884835
3.507351582794394
4.250942317893051
3.3905345812012837
3.490300253156585
4.176828328267913
3.6590696534839346
3.9254952289694134
3.1509649167464606
2.8851087802573834
3.784307202985435
3.626990102106873
3.910194605994339
3.2963939534889226
3.6717129994490443
3.488563019691862
2.629729796646991
3.799935756837288
3.8425509533994484
3.275965816249154
3.4580544023468818
3.741884308251221
2.9857250261691335
3.7139052238284465
4.167721879358308
3.7287807386407765
3.2680878909502202
3.242611278078909
3.600562523771295
3.075367082854817
3.3804845600516833
3.99947614313025
3.069013722054441
3.4401976775422893
3.5552644373074775
3.2107386368774917
3.3049646447667134
3.3050742650728266
3.6215593092162472
3.806018716142974
3.2473345418581014
3.471629115558264
3.3706244874335836
3.732853517441282
3.464886544126134
3.6536309646860747
3.431213662390815
2.7234639588165983
4.086246692267837
3.9302810177536593
3.4216760282854395
3.6932064912091547
3.83327231057549
3.501856420916892
2.8519614810151266
3.2899359313631167
3.6445878476193387
3.9135497487570907
4.16890535347221
3.491352160363207
4.193600013249361
3.7121979495943527
3.9047520155232243
3.488438384584707
3.6064450570071935
3.98186331581437
4.306642794434844
3.5900234535924826
4.008355344374098
3.064616086392245
4.052164279761451
2.3426878399800963
3.036144363960873
8936:
2.995855273082529
3.5919565263999402
2.8045117873539405
2.68367972500565
13953:
3.2299043505168714
3.091069742431624
3.957600568504017
2037:
2.927201171704692
3.793053394119845
3.485710383902376
2.8353697256530213
2.5824906703821195
2.6026781424288385
2.9601975794013
3.8837076126862167
2.7192122611399214
3.6179431028672346
2554:
3.175044576103837
3.9406584506976436
3.0114617470314653
3.8721792816307463
4.658044189639833
3.610933178486382
3.817523072006607
3.596943236722039
3.3914073172999566
3.707463036887233
3.3181903347457
3.502657374880823
3.799807193377631
3.954395767525896
3.1611091285672615
3.7997400839162636
3.7309318992290805
3.7968744988936325
3.548609217821794
3.2017530808941315
17603:
2.833853574710342
2.7322128442761118
3.282470956054111
3.4492170365145816
1.582756532419899
1.4116290604263444
1.6222537484405857
1.793449514371126
1.7248392149002534
1.9063871591925905
10680:
2.305598177834916
2.7329784642062966
2.5158851085875504
2.663576136151013
1.7050839825313349
2.0280471188128977
2.505318884510968
2.7928830568300684
2.219081676008702
2.7114864741234377
3.3373483309982164
2.233295422068168
3.156777940172404
3.0889303695852357
2.298821889981383
2.689968811341977
3.114401503176464
2.0937862831535563
2.643212489846734
2.8528238448462093
1.6799996559664523
2.0054648154730086
2.654586236803383
2.887710318496885
3.0084237034191887
3.1382147673729923
3.47979696652825
2.761548934032305
2.928774857939268
8179:
0.7386538885217009
7693:
2.2113771566403586
2.6956992332079985
3.067744946206932
2.257106574498934
17243:
3.0301088328648884
2.643528184329992
2.3174018965681142
2.3942208216550536
2.2825905055645004
3.2072612282088455
5936:
3.1478532900027694
6972:
4.09424273315817
3.255127968191615
4.560953388461247
3.247454616297016
4.17012113651632
3.995351431723856
2.553015978916475
3.485865034940182
2.7074582370649622
3.7481250590337996
2.8508381752336445
2.206876141817071
3.0057440928262826
3.759175971372773
3.606662570238518
3.14059655163656
2.7225037679207236
4.004466077657124
3.246841694581435
3.3895750539401166
3.9228164620421633
3.615387808884596
3.6039869901867942
3.6214442669511824
3.3628879803444494
2.375989945372797
3.6699033646621477
3.6145336987712264
2.9763832581405656
3.330626308048726
2.9201862874546394
3.2764131701173276
4.105916520404367
3.3483565103945225
3.3833380607795314
2.543083153423703
3.481574335747236
3.40731075591829
2.48855842754551
3.1347768096760835
2.6086886959011553
3.293001866643471
3.9656390730406597
2.4935915229708594
3.3871468265295137
2.708259562747505
3.7623400779403937
2.7286776795697696
3.463225346890066
3.658381953445542
3.8181611773437223
2.717976675158167
3.5758930052757845
3.72811288348345
3.9826003448087106
3.5179712343704805
4.43378656230558
4.078483332580398
2.679296343698418
2.58164860935287
2.692245705863579
2.6523739668658353
4.11257193861131
2.9935344743536088
3.9249990019730223
3.250326677173083
2.887865194421418
3.150904650174876
2.6106530697641395
2.2665470354199897
4.820819108364596
3.4987825709988902
2.942143870834994
2.8463809037444454
3.2353267215985713
2.41054060357262
3.363267999303429
3.6713401809574515
4.02709259745503
3.112545645981888
4.543729488745917
3.7528756605014437
3.284021976498134
3.3955659718712337
3.7120865251874897
2.897375207177956
3.6041102679531987
3.515838253865216
3.4883041641848056
2.969559373592421
3.3283552744223006
2.9060576238623117
2.1274901907074195
3.9562819723234752
3.7832384021287
2.2885103608545228
3.1658717856158183
3.66536547658709
3.0211199113154708
3.4730409551119927
2.621547337157555
2.0315511432675244
3.026018766342576
3.5080344571106394
2.9020897093787257
3.0153195056606594
2.0455653800387448
3.861505849428103
3.187862452656279
3.179842895581012
3.5266613420715065
3.4684391504801297
3.1962224699313775
2.5630963932147397
3.004552443863395
3.664969828202991
2.797472206201299
3.6444769203385263
3.7201802646653563
4.691843641460856
3.812594511772266
2.7426278800941386
3.427704744836465
2.21104309310738
3.934379835649119
3.58447634259939
4.029334661719933
16821:
4.1061711494713835
12497:
3.075358903708741
3.160112642697318
3.5590456556936587
2.860313101932365
3.27830681454297
3.9121061287130403
2.4001799180024523
3.9730648873469687
4.0649420664728675
3.245935592997334
3.1121679091530385
3.3392427958051027
3.2996301315942187
3.1050731576342585
2.9036802264298336
2.801790117693829
3.698857256781591
3.4368741606678035
3.1488104459072996
3.4203622199148027
3.6586926947961262
2.977226994616281
3.4220886534627732
3.6246406874847192
2.9455807959854354
3.4541882204788013
2.9643267230966637
3.542912914929488
3.4002402456438796
3.3020835216918623
2.992081478975588
3.257573122454658
3.2085113385608657
3.3345516273506512
3.5564434059598065
3.5373836047600604
3.6401974275153157
3.059759505722145
3.3114543798290543
3.507811742420484
2.966582844537913
2.93728712341429
2.9900439811529007
2.7816616585897718
3.0411385421518333
2.6082256090970883
2.7461384866805334
3.450588751666762
2.8434615574473194
3.228505728533929
3.5980029154228426
3.2243600034523867
3.251036136913142
2.9076168321215707
3.0313549354123057
3.0409976112805075
2.9095708202623287
2.677349759714732
3.2376287529071845
3.478399053269771
2.4979071461448332
4.144579764535058
3.0908959703725896
3.3238513075428795
3.0072266294141854
1.994802799950652
3.192323021777572
3.083213201583597
3.6152124163262607
2.48388880783012
3.5544469702593866
3.0688840547392378
3.7601370264245544
2.816278369944656
3.187381460717346
2.899307263952041
3.2285959661873838
3.102501871231885
2.8935311859233597
2.7613610176068284
2.709637479121497
3.3078814676807844
3.421786357134772
3.132324529378296
2.735625853698666
2.6774759435470843
4.356735306281774
3.2580412907382983
3.1837854486650157
3.0761152227410045
3.317854595017034
2.931986310520673
3.887290148958301
3.11763447745799
2.8313452765588303
4.110652230222794
2.509544529573965
3.085122432121194
3.3539531256540163
3.1523492203836394
2.757473865384953
3.1481134568218083
3.199686078281387
3.3604624228426125
3.1017847279837265
3.243421956313088
4.063267013698542
2.4615166056692854
2.7922862057240962
3.378555304924051
3.7771669704627637
2.8686035873019353
3.3861006049824134
3.149077554806984
3.6789520936796785
3.141101914547438
3.656501220940527
3.5671748945589212
2.7535464121527595
3.224404926773934
3.5904859966567537
3.075776583717181
3.3905654883687126
2.8040867869333423
3.4584732622215135
2.1462588084278074
3.221008485732566
3.015088212881903
3.2577395930604345
3.360836649464012
2.232708061397387
3.181212559820509
3.2753946600063926
3.7074972369760464
3.1513786140978
3.4995271450863847
3.59811744433483
3.448818610534883
3.384803457325248
2.532866325024317
4.07390658600763
2.970133385702565
2.288634133271957
3.355154147329425
3.3290920960407058
2.644904437413086
3.582696078773561
3.272428256624854
3.138540585023952
2.99594922059697
3.3782202969385664
3.35325087634884
3.4476206926029342
3.6919635934726527
2.743944626427922
2.865779550707116
3.2530742838793474
3.017510849071552
3.37672761333166
3.6183200295946647
3.1982192732460417
3.095260736272021
12274:
3.199833363238457
3.005796511624595
2.7164278248265292
662:
3.369623108352878
3.8766079107282776
3.35394830115096
3.471260061571146
3.1248304502346835
3.9881901488856863
3.4934107994245096
3.445672216856338
3.212064958442776
4.311967811816165
2.9189383609498876
3.5851102186796724
3.580617771981199
4.149547902148347
3.6564670207323235
4.132770663992476
3.4312199886341026
3.793500713580442
3.4893173468689898
4.025142255919371
3.5666632269026755
3.9621306309660187
4.002925880619016
4.05283375712371
4.172756788414596
4.3925509969222025
3.9922179842454555
3.083507388074636
4.29894496918834
4.295654411530093
4.309870367687237
4.223772955555425
3.8412096485127356
3.5223192589177943
3.0215478159923945
3.5160459540819056
3.2108150299435585
3.2312211417421786
3.468183126774295
3.375877591838189
3.5843370050626073
3.22401992795875
2.482385063946966
4.016159241915967
4.118386371171169
4.153809034124279
3.403951421729639
3.88223017070961
4.021653001633447
4.2915643990624615
11707:
3.2212803963437
2.90489952111474
1.1245653005026195
3.110964540445231
2.022316579441457
4474:
2.593182656672562
2.8661016027410704
3.361379805033501
2.8639020713195595
2.645443367211555
3.255726919287962
2.9642121158213794
2.8756359293085976
3.7184219841223283
3.2199748586195502
2.955306028014096
3.153189585926426
2.563189149029399
2.7969340702415115
3.0530705149961053
3.517196205160687
2.8775223483772012
10608:
4.193702070026552
4.00216182034605
3.996612334128796
3.7888816192005907
3.678996915722003
3.6090395042566374
4.223605669485966
3.426401389533448
3.1975271662013514
3.8006117999254574
3.4261586657188112
3.819744415517008
4.388559052120363
3.3815257178199647
3.4388608493603745
3.6487087406699206
4847:
4.129563671265096
3.289332188986535
3.616409690356289
3.8215560115619835
3.510698138636242
3.6859139121562188
3.690735861274442
3.4043651596905247
3.6077060889899015
3.947141503175754
3.694784712210868
3.7634580089031076
4.515611507497962
4.611818818436629
4.396759959269214
3.4804656078012064
4.0690067457185455
3.972737519595475
3.674920308843044
3.8306896456323165
4.188826133941998
3.948362067095809
3.800241407868264
3.4881555823575385
3.5233969759876684
4.707406046942247
4.265288479602201
3.9387302223849754
4.388375268608914
3.194343207706825
3.484537694850913
3.876453223223188
3.5519608024639964
3.846257529310487
4.052280287125847
3.875728069339873
3.7201811598738326
4.024913624559347
4.883361218414206
4.457148692816316
4.0487548811210345
3.8408061104808966
3.7433802767574864
4.163956112981407
3.0417427676529805
3.655748839956709
3.9701221476282686
4.2545325194272525
4.382403633853213
3.7122251851569446
3.8461900967796288
4.045062064711429
3.524361108970957
3.8982998689675843
4.743925614687644
4.041540917135956
4.6342804182514445
3.6981844028404747
3.049256732397338
4.046463780603358
4.531765808000733
4.396830848899564
3.622202000440637
4.044640483331707
3.5097081006133872
3.683859317065577
4.88798408509292
3.776667406935483
3.6664797009666117
3.7835430985711103
4.2836286811440845
3.762947769848973
4.067073053309342
3.6778103924160868
3.930613344659966
3.824778252619192
3.558797594460055
4.549498812510728
3.746920203303873
3.9130771655493946
4.091536549595363
4.501566890465413
3.166280004246716
3.9125028668444317
3.9518611260207446
3.8115337614750473
3.8175739190916516
4.1698569591603745
3.936281528489225
3.725154768644232
3.7569726832847805
3.7829509041974676
3.8390509834458095
4.078889933177506
3.8946363857485866
3.6725918354162004
4.5859391501298745
4.145514275488815
4.41210680852732
4.336487355333332
3.9829333429754104
4.031686853825335
4.501472134857285
3.618276868336373
3.50440457337439
3.8117851840680705
3.4315936923041455
4.48658632158297
4.232541284803423
4.327012315346219
4.306716851891728
4.380510081284096
4.403570935456717
4.0064474700129695
4.011721451537598
3.2383344132157386
3.8531933792305724
4.119646708111533
4.869487408357134
4.025584235486224
3.7150477834024254
4.632478694817567
3.789975731502609
3.569266209538303
3.8067022049349557
3.1525052410541057
3.9296205397140267
4.298217497130862
3.5067914167583525
3.822369033959437
3.9433160677237766
4.3163837490909875
4.15858660674278
3.6439059833211584
3.976379459660051
4.106994151411623
4.387916836243123
3.7082791234675563
3.7064044038260544
4.519454461578645
4.324826265519197
3.778011009532006
4.280054809451666
3.4577931228777152
3.63161840661725
3.713143901114981
3.2654671678686498
4.278749973421134
3.734107983818884
4.54200169892227
4.644819299599414
3.754855666500479
3.5896164477327392
4.787923658177769
3.750708031237611
4.573399156546419
3.50739964893608
3.8471349346575052
4.185780633501683
4.028765048382858
3.763814974030297
4.215721859008401
4.025326917964998
4.611482348455194
4.12764867313795
3.6490282439656063
5.024844576986238
3.8881823907981534
4.213351179673812
3.822608176990101
3.8609500100902854
4.297530546741376
3.376907931130589
4.118388623534751
3.763263694015317
3.58227067560523
3.471787439256141
4.278530815553933
4.357839329391412
3.8264844616846547
3.9650450436847398
4.204255750666095
3.3496369684501057
4.931847857265899
3.5650076020812334
3.754375252492669
4.030736246703498
2.1807871911746837
4.366227865616194
4.184804007536952
3.515587183994636
3.7706937613498823
4.32107397660293
4.1352253937454515
4.077178143023851
4.427884351840156
3.5330418104571533
4.341680574500914
4.329724121331111
4.263429391901759
4.205046901474758
4.315611502803785
3.626044422545773
3.4580376473050665
4.330381480540864
4.4930000656654565
3.3833422754550995
3.682268131268332
3.8162939200655077
4.044474619159115
2.818562365444969
4.220968857308398
3.8341683393086528
4.403058100013705
4.1010251986076875
4.10745417057471
3.2093140327285967
4.0897235759576915
4.059985013993356
4.1683356087052355
3.2798694501506436
3.733581580813568
4.086328908790027
3.9862184430815986
4.310045699195608
4.549385378332509
3.8662439926748484
4.175512929115752
4.207944116071174
3.853977241675079
3.718640960638648
3.6937248479554903
4.510746512544315
3.5209612622996023
3.97883001713785
4.120033938756694
3.7589682379904303
3.6851162285955157
3.478237587683014
4.037357289190646
3.6877998610310097
3.807671731824899
3.935936561777532
4.500706435373485
3.816139533517133
3.516498320464259
3.868558484528924
3.7733010808444933
3.975149196308652
4.418875316280968
4.388749302768471
3.734734746194366
3.7684161918604775
4.028111899454793
4.253018704828249
3.8639843028520677
3.3446811006135015
4.206588874092316
4.067254162493981
3.504882930587963
3.6830631232092816
4.179585209773125
3.771039687355242
4.016640891964807
3.786933719989606
2.3868165372452386
3.7631634078605116
15674:
3.5282320138927115
3.8298903892494818
3.5431686899146504
3.047489447837316
3.6306269963252364
3.2110898490079154
3.2562556666384888
3.184983428669813
2.6985985597157014
3.3671689774943996
3.3527152585776734
3.6480809677776525
3.3515162966977026
4.158856413942389
4.001814429510975
3.754682217054747
3.7088898734401066
4.265447133491061
3.0683134445616562
3.595335661433047
2.9179203335388553
3.4251686269654664
3.382034116969312
2.765739996814518
3.271561890145659
3.425538812585033
3.7065589557323952
3.6516081552090154
3.695536663284267
3.79945368891774
2.5010722941994796
3.212605141696177
3.3086061154894244
3.025785821521479
4.074295583251182
3.4337540085092764
3.6074436404631047
3.506464348257498
3.4173115044058506
3.408237341101316
3.544954329082912
3.739842205625544
3.466952880971504
3.457947184934488
3.6841586365847
2.875286912462764
3.392038313370526
3.0711056170847635
3.9835297993606407
3.160348563335501
2.7240438507189078
4.473628815529854
3.4453093958343337
3.5133679345420883
3.749011499592352
3.5997896502132973
3.9730095956764124
3.635471989097625
3.210096197170743
3.210964333904546
3.042004055821498
4.004024624199019
3.7475564091527316
3.639175887014166
3.7667089659993387
4.4675970595757075
3.147119307935277
3.2558758841456457
3.7295755455389132
3.9573553204157004
3.260826804701903
4.306396974063407
2.9676493012945167
2.881762390816629
3.62207220297051
3.7121277172085625
3.6609168420699505
3.584057096837909
3.3505232137650407
3.0652360465730433
3.038190762387594
3.327646515625055
3.639149916881572
3.832685500187031
3.459299394280137
3.8701722313556326
2.8706711296684184
3.3068173033824575
3.46663539038622
3.726450976848171
3.727825184815012
3.5418167415277564
3.489970301340513
3.2071983105378385
2.9470641133982634
2.8710761016005124
4.3807851177218495
3.5602277949761896
4.121636845822386
3.602995948545543
3.8533045145023026
3.2499669443402284
3.07948876723523
3.758699804428163
4.020423128307795
3.475731999330303
1.960803213062084
15358:
2.642707412990538
2.1757110226804834
2.9386990124014623
3.148818340345492
3.209583982635887
2.457360567844219
1.4013789869110334
11283:
3.9572487466600457
4.068227452424779
6632:
2.5031387555146494
3.1395921887248965
2.8768810899052855
2.9266934041778834
2.103378344288139
3.631171637308125
2.169171588061648
2.7439434429499365
2.8658846764953334
3.2969035347784947
3.519319516781619
2.378313433663208
3.231198899140123
3.0851863189912523
3.375629835063923
2.5940170727267287
3.1462967084265983
3.338662936387559
15440:
3.4968031210545334
2.8145701187633585
3.173580216235635
4.01015165180139
3.4105660439779815
3.0497435273321973
3.3426440028411792
2.823988928564323
2.954580632217428
3.8382649878992003
3.905065054952293
2.9783089099845954
3.0699052740213975
3.3435340201670627
3.1869623166763406
2.8936417601629194
3.1293544789047982
3.4204761666840726
2.898573779844405
2.8740506392046123
3.8435819665325304
4.113230109260155
2.304744396716283
3.942248618712746
3.088087931231325
3.3470856728417715
3.400116048413432
3.252015952320028
3.594350656764576
3.053715340515009
3.1155517280950358
2.81777779999823
2.9701613362310195
2.8402844002640113
2.9233920919043146
2.740388435181434
3.368068838994041
3.1374050788774266
3.381021187627538
3.1367434007518713
2.6060843315170343
3.6343064362287043
2.8804414044752513
2.392056981943194
3.1684076338756646
3.9448408298495643
4.23455243908572
3.678708492184089
3.7010057256569318
3.192160791032258
3.943458321356778
1.9340714258109732
3.5024892653926893
8783:
3.2529950868528723
4081:
2.9982025038064624
3.548805424020663
2.74611801242236
1.0770599962027718
1263:
2.7282690589649348
7219:
4.243335618675902
4.518174800998559
3.6692915995301463
16128:
4.1526782883248865
3.974248792582257
3.5702455386020935
3.6990449707509048
3.7184658246575353
3.7602171341588417
3.6955911067535046
3.5891876982760373
3.362308330323682
3.7227207803172644
3.681387862632769
4.573446989454689
3.5833452487265745
3.5446881813825755
4.1685360404879805
3.2132637616796638
3.4029049381987693
3.982575836891406
4.253846427509856
3.5817552879395667
3.573550385705847
3.811614184732249
3.9143453743775076
3.8671770049855043
3.7551246595332803
3.9337407092834207
3.9917502642631386
3.860933980189655
3.5815448016672615
3.5463642302962293
3.8871918457203702
4.189233443707337
3.53122571002417
3.930825322203336
3.851382958792965
4.355187105338281
3.7312266411408093
4.249185124887359
4.485422509804308
3.324812517927839
3.692536261510447
3.6648984395004724
4.120917303362947
3.950592751672842
4.172165605124021
3.3619281782227484
3.8367456923268124
4.277752254286965
4.3271338860475135
3.482422330539934
3.934475747407023
4.142361745923586
2.8910068368244435
4.337261448857223
3.732867017517473
4.252890479269357
3.718868737135209
3.5922387667118802
3.827584281436158
3.190375748920634
3.1348438781983736
3.486506201715254
3.528647205800465
3.9454710469048937
3.6639925547539183
3.5047940777406397
4.681539635947676
3.8677569176225717
4.421051116987728
4.0054440398057505
4.128748477162239
4.066800019346826
3.4355821208299053
3.906597216793249
3.8162374280323745
3.790391644156174
3.4927970885783663
3.24173932297647
3.8907342280860324
3.9168744418540884
3.51057832237906
3.847666140824941
4.332404363473001
3.7440351401165786
4.290096462625378
3.630315914091037
3.99826733674973
3.5325812324653723
3.8518116531061195
3.6424297818260762
3.5228200336576063
3.1637625232433777
3.241293659500116
4.475264367661643
3.6612982718952813
3.673197292362613
3.2618006326658473
3.8158838649128746
3.602063561613609
3.8740441976065503
3.965259797426663
4.141148987398761
3.500815989137058
3.8267061965465876
4.547635291251288
3.6883600879691283
3.8905272353794618
2.8879282478400747
4.234155047431997
3.563568006010776
3.4006629192137203
3.7284090670412255
4.196697619855676
3.6391312856241527
3.9004723271775283
3.4021464075980186
3.5310789350415384
3.7305463708045132
3.2755366763517215
3.781694994178656
3.117027341402074
2.761869361368682
4.54634595069248
4.117764324783255
3.159875640507604
3.4826337452508147
4.19097344184573
3.758873710697063
4.212188052579143
3.584222325853387
4.042349429596169
3.723229004349549
4.660367132174256
2.9381733862894945
3.7071702302116663
3.549533170187114
5.200557418380596
3.5975661921014868
4.293822670014776
3.358756117805228
3.487435223923311
3.616433860252392
4.443703099133387
3.8786573688834887
3.973584269794775
4.098269618917251
3.2093504699105866
3.9646063805538025
3.891901077859099
3.446273164924246
3.301365199551277
3.882483092914129
3.8970706543761904
3.3472856534924897
3.434851673134271
3.9729899312006385
3.7569419478250152
3.3952323174424124
3.3006622963927663
3.9323760157285528
3.5085941544763006
3.0582332255927454
3.475340999635737
3.3204584578270597
4.367111209273176
3.719966972743938
4.193415453159513
3.715391771588468
3.811989810814948
4.2682037117890586
4.344710373179403
4.176813045755217
2.70597574339972
3.2741443353689212
3.4691208484419596
4.318802884183776
3.9832106836176395
3.6610853567508843
3.579903817753085
3.96333226990527
3.9206861054257045
3.7247860077790222
3.5452421987376725
2.846916356085932
3.952315992763763
3.4725041262744636
3.6208949008490334
3.8863974626550326
3.953821097823661
2.7648138259943043
3.5071284018659754
3.8345620031374072
3.2993869656317814
3.637646725529605
4.820469139828582
3.823628036623191
3.2672573224649892
3.489662400354125
4.0122448053223
3.8295099469944924
3.6082282216867534
3.131225632628941
3.37663271646563
3.3124615248707143
3.672046284964781
3.6924868059481284
3.158404186900263
4.768881081948086
4.227542677046505
3.836397023258463
3.664921802584239
3.931842141282942
3.64395190121763
3.4448295840379934
4.856598378624022
4.16417614076292
3.8090518394677377
4.46970877838599
3.719127290521969
4.105103535661098
4.377014501417717
4.522762426671006
3.5260171477049376
4.229319385930742
3.176940532480676
3.7508652588145925
4.92185695270755
3.8596336732097605
3.231489802023885
3.78583625044518
3.6524234120244072
4.5475364449834235
4.295574745055983
3.403560847817305
3.935168417453828
4.090356008628453
4.1837573795703
4.772775010452255
4.463249413213538
4.344049574060786
3.3162272561746806
3.8362249167208278
2.840678834988795
3.905870810251412
4.127740800738452
3.919423674455769
3.8755492529616355
3.84908946445594
4.138128748862257
3.6997445479952433
3.5877403918604633
3.244460163137806
4.4247941418046075
3.7920972520452634
3.5880367329631424
4.634129884309778
3.4888346803553394
3.835878736152016
3.8524410182246984
2.2007602586155337
2.9379126053033398
4.31375000568292
3.7198151040573695
3.940716301529713
3.832864097915646
3.640102409771027
4.394207565544722
3.28809463836453
2.7561741141207214
3.5979036887733584
4.173347712813008
4.708540755310683
4.569686562283638
3.936560696218419
4.235779429322254
4.404977267403225
3.7219187209483846
3.8595498703274984
3.9754754814290116
4.423714323656799
4.230360469745313
3.5178742513450616
3.505486020911875
3.893827106928779
4.343231378823549
4.063958023702968
3.6993793645443396
4.111786414712599
3.837219895211882
3.6920624886625233
3.6652912887647595
4.45228216469699
3.255662886438226
3.4594741045362976
3.324683797101962
4.00226801986653
4.206794881020592
3.351168943146213
2.9690295586270286
3.402363081700483
3.0464244859772047
3.6727236304787323
4.0988512487401625
4.71136395977343
4.2633644039123935
3.5020718501627677
3.397458223966964
4.343924492629435
4.031826905529256
3.2711581617619867
3.7986050538157174
3.5866464160312446
4.103946225005889
4.118268440282772
3.845910460190976
4.500960958751439
3.4602082989603837
3.559567506788618
3.6894707286252446
3.9650888767303885
4.419065581662279
3.897286320532006
4.283852211457841
4.094623684657386
4.041993548381778
3.4605608101176237
3.850679498755569
3.221362183705057
3.655078640061103
3.669073390703035
3.2511740177442032
4.01808741244676
4.012321009782161
3.6797265818002414
4.120835131614747
3.01155577266563
3.592771814917514
3.572937303795787
4.163555306200276
4.2276461869031525
4.073162366640389
3.709632096816286
3.91635651323453
3.4971418858729977
3.8836558081675148
3.4554570925890324
4.064495768215685
3.2088239629599427
4.592273032676449
4.136354473933673
4.460279963262528
3.887570557446106
4.108362277703243
4.01181346753561
3.602865100022635
4.316065088793642
3.949406952770479
3.7775933265922395
3.1248927155239214
4.510210775342402
3.451865481994881
3.2810803708081657
3.8271714876123224
3.618665701397662
3.2254923527120467
4.2763934567789015
3.9232825187584277
3.334921777237911
3.7542444098196546
3.9964086230631235
3.197979945720142
3.4893798990988123
4.147746845660983
3.605211826841583
3.785259155786642
3.6152439466301454
4.351244289938665
3.3829500168916455
3.5704522794595976
3.598745204226041
3.400654692739238
3.9961516091359623
4.095594718487311
3.6911095467719948
3.361491910585111
3.1743992185470096
4.052721741253431
4.276788034016043
3.719358069014893
3.5094101913770697
3.8677993387297676
3.2051505695204594
2.898082599262103
3.2912752099671936
3.220674936743143
4.351143529130331
3.704835016936292
3.766521258544371
3.353636258164604
3.6639352479275327
4.167638328298183
3.6940579564102607
4.047454772887968
4.096388422290583
4.159781661478992
4.038218021610791
3.310724202342795
3.181661778853699
4.065514303251249
3.2272460548329818
3.838556900484753
4.755243425257383
3.4592587372405736
3.8536155087116253
3.811776974403782
3.812802888227978
3.839573830980656
3.69096172534969
4.589067828067644
4.149333557434107
3.9453644703592965
4.700786851546068
3.773184237787949
3.0485288434009803
3.2569759146446073
3.5149698028606005
3.6154063653352533
3.280514381959474
2.031554416597155
3.53616340252578
3.8731937405454704
4.291061444144625
3.1143514941512436
4.741126456567044
3.8523441321991947
3.9435571009576904
4.263420465108039
4.090140638356134
4.5003794693629535
4.087551319387504
3.573708995564984
3.92630958042993
3.30419199955869
5.304431079365034
4.647446851727232
3.8407550823958254
3.9591541843460467
3.791284571784601
3.6568122701240053
3.769450006789154
3.689906343890124
4.086939989999759
3.5727107211066573
3.7241756211775203
4.18757603216323
4.399731617880799
3.5294150362011374
3.246726115539781
3.715857073328104
4.570018686416452
4.014135006696943
3.961254834696996
3.977372578913891
3.3139026763579515
3.249759198878841
2.735068228513162
3.6208729601759795
3.41555183786103
4.549903980907242
3.7874703756496864
3.108019570211335
3.2060054622887297
3.2470067542020695
3.755065040426704
3.52608422245596
3.8752001429664693
3.753207189344023
2.9922742049405846
4.1163318473010895
4.256729195122685
3.957379195321037
3.1536268661041498
3.9464313855698356
3.330649304324271
3.5589297736841243
3.7780219126381245
4.269536607001209
3.804623931881329
3.939642650374083
3.606132761268727
4.588912877133605
4.594957455221637
4.198421750104665
3.7121940984434953
3.84235440505343
4.061992246918225
3.65403315632563
3.432714254952378
3.9359837457276954
2.9383850771511133
4.279104325432233
3.4709708491695586
3.724320414895876
3.9674496780722106
4.11213718440693
3.585338360942196
4.018727473850092
4.091412437734508
4.487638425865815
2.9335645491098052
3.7783979621257795
3.709294105909406
4.203398089221302
3.700700189702287
3.883027166212207
3.3226117468705665
4.265686093707478
3.576859121721708
2.9789530420798127
4.330441045164561
3.3993634241988824
3.7743439866933395
4.08933193496619
3.293090801537029
3.535328159832062
4.734042045608404
4.05999187615718
3.935151202270148
4.303266718680192
3.350394236571401
3.5285607353152235
3.8180883115848525
4.185374865328072
4.168611177245179
4.554543651128549
3.2254583987727337
3.6622600172123945
3.184426127460722
3.8602151013057564
4.133046133405229
4.28987958928337
4.6245263964248275
4.102198700648989
3.7612075960314932
3.9874638430358593
3.8302656587725643
2.8987615343368547
3.9112546069464793
3.5039071915724542
4.229522754133845
3.5579087630126613
3.9596329424204137
3.7826988498797633
3.7086577060517634
4.6324768311909095
3.707507324355955
4.548837766793828
4.248184478778973
4.368047869955143
4.053073480072557
3.928454142876452
3.26122013626441
3.9073588556184413
3.6756957395662386
4.030842490183566
3.756518113250321
3.6918339804056823
3.536947702944968
3.5907829681944636
3.125495796004267
3.656984127794609
3.589326148271323
4.621421737447721
4.183388547221489
4.640801131340132
3.4605788711937
3.4292830543799986
3.6127722140212164
3.697937949133348
3.9278865737170334
3.5667408397363434
4.039269617474126
3.8149264290227403
4.192348712960522
3.92004102989882
3.2360154312615337
3.7424159387654936
4.718765681246304
3.5897848814135007
3.7160396840063084
3.4827779258295806
4.032964606832747
5.533814092232004
2.787297112707989
3.594802916483834
3.3317889722509766
3.5600829532484193
3.1050952353628816
3.208250408141846
4.257624891173444
3.3510937945936963
4.198564044294512
4.0511608962051895
3.762528713576098
3.8629976611905614
3.7261085007778876
3.7784735018162627
4.107193818342332
3.5144143419124676
3.355120357253574
4.289406639171419
3.951331645203828
3.7520745383553966
3.464746907739632
3.8919537884894964
12730:
2.161023632713082
2.539255323918743
2.36915041388709
1.984794906916269
1.6285598185199361
1.619456873309231
1.0977830315596595
2.2853276383087087
2.5874079159622907
14632:
3.2588439443876833
3.426762478858957
3.588918677279819
3.501266855859349
3.3063653437181166
4.253118644261338
10510:
2.983841387783515
3.5500220614265885
3.456044735091443
2.683159365001508
16650:
1.931814845253734
14497:
3.346854073519909
3.0102867250014764
7180:
3.658987274515116
3.1909107740376497
2.6870269584947186
2.866943850245576
3.352481743070829
2.35424937146538
2.639861226397706
2.7247199575400756
3.372745487938813
3.7603181515722017
2.8591252247405747
2.9930383163593977
2.5577457142494504
2.7418436465351044
2.1204076508461247
3.597143690611306
2.6644485290938493
3.223947203344209
3.0714621697086026
15113:
3.3962156310675167
