14370:
3.3716295427901524
4584:
3.7100103199174406
8619:
3.508569266188879
3.4737294965596957
4.017102998990985
2.690320022854611
3.582751251129434
3.6021001624465674
3.654740104240034
2.807976545343841
3.3838833160138275
6085:
3.939644561856444
3.6807769893997335
4.4644303065355695
3.697761306684379
3.562777690342732
3.56931438674612
3.2983406064596568
3.308641385569712
3.6895459269612587
15389:
3.262309691793539
3.6125482766159003
5561:
3.8713674562571168
2.6344350247778188
4.203803042957532
3.2683840843095933
3.440600139831069
3.2270527298972573
3.5931475537099447
4.191418547991583
3.826085021843091
3.393802965629309
3.6342791609903617
3.754284534379517
3.917716615698267
3.767429263773074
3.731773875216498
3.7247408668108593
3.7065765333323215
3.245580265184089
3.394740750896917
4.131801140888753
3.556107151634308
3.7517639099912388
3.722497914013438
3.607970677644714
3.389917400336334
3.6007400303819814
3.64130111011377
3.6007930971499995
3.62057017895835
3.7843009150336395
2.231688633645244
3.4826339648188176
13352:
3.285339627589824
12003:
3.5250142301124563
3.6909399945366803
3.9800257291053662
3.3216180993588074
3.3880312175140803
3.6136449074767807
3.553712236084716
3.7758820723006528
3.5617465561059154
3.75006795275562
3.689783238430365
3.2980028737319755
3.7475837593402286
3.8913677388690266
3.99029400512081
3.933893191502597
2.9394062314414184
3.134222632006821
3.465614491227693
3.6132939849069867
3.056536892191539
4.374112896152633
3.7826107076031628
3.81988143754179
3.685364924860216
3.332572355103279
3.962850902374638
4.162691042858728
4.117511843545851
4.286034215793648
3.654165266785777
3.852017636560424
3.4072510876631497
3.8528379175668004
4.240744254441098
3.504895729034242
3.0998224120314384
3.659380094907597
3.8038468112418418
4.029943399242189
4.013500117888354
4.2257338121587456
3.6762999526279776
3.502503352623394
3.386128811606725
3.3490007904254724
3.7000782435070807
4.044985136004508
3.5384446898414756
2.238194285277714
15881:
2.843850760018425
6123:
4.373346064656936
3.6568360773085185
4.343231750531538
3.606538974251035
3.751780119624039
1348:
3.65056582942313
5732:
3.091422509282661
3.5627313426590983
3.778208312813769
4.156881445825572
3.675349309243205
3.336774041119096
3.5855174947194417
3.741265674796108
3.6883598239439253
4.118505489432012
3.281816376144756
3.5152456879451384
3.7231577954834756
3.3659147565977108
3.5139813900833676
1.8788840090167247
4.316761176315443
3.802285172886365
3.758509832137964
3.8457397849987025
3.6957397877408997
3.757825508855733
3.1726505695086376
3.7891733678405273
3.4107249957586516
3.329693758364569
2.931792645787459
4.009459079026745
3.7096312988230604
3.456237662799837
3.458961937716263
4.248596767682029
3.6472123178109612
3.330371185335792
3.1564732283377093
3.280087776686686
3.98542498069001
3.7739955462074266
3.3505924909934306
3.565060168186857
3.705132055536056
3.7127867864852653
3.2589024927440136
3.950029751033245
3.4749968665860282
3.6859236495118957
3.742732520745143
7705:
4.1998217298570655
2.852814357301014
3.3019337409355893
3.6013106468012577
11890:
3.8302760463045415
10276:
3.6416986139781775
424:
4.79495394473368
3.533853144107253
3.362496404628626
3.2385074277693295
3.3011154192176937
3.408499012231516
3.371751909409514
2.9098390491715067
3.453248384089736
3.912194709710133
4.0584636510831915
3.99554996807152
3.674832909538917
3.7177269097684325
4.087280829831266
3.9029592406476827
3.47423354390446
3.8975947019055357
3.31908132987547
3.937903098746169
3.5505128230586696
3.3462735580458087
8539:
3.231768966341293
2.895360019233081
3.9904177699883796
3.500949182242991
4.124391628812459
3.706296039629373
3.7830574912891985
8376:
4.003300330033003
3.401127799874398
3.6826421420402022
3.4193990076706764
3.84851904090268
10271:
3.309832437559279
3.5976812287097353
4.133662127872485
3.632294499058774
3.6599030671296298
3.3455450472872075
2.890596126206283
226:
3.530758226037196
8576:
3.0193661971830985
1897:
3.528247048138056
12962:
3.9125
3835:
3.846434936612377
3.213571717923733
3.0839495739136558
4.3848967551622415
4.108307778087538
4.178631892015557
3.7710459949561668
3.5647845542762333
4.575256483782578
3.35032848559717
3.089777688563256
3.2847300481508044
13102:
4.347543938711131
2.8971943887775553
3.6928752340050655
3.2797261371499324
3.4919190633749047
2.914855782271919
3.476175716419172
3.8127167630057803
10851:
4.089531680440771
3.1650853328202015
3.9188709986582326
3.9370847987495114
3.576301615798923
7055:
3.3091833889164386
3.904211268524204
3.634938937963666
3.5912828225936666
3.848921228616258
3.131234631270689
3.33466612694033
3.96821704172664
3.529370232847396
3.5084069761347467
3.570155643358434
2.9650692113479664
3.88247283889902
3.9947811215623537
4.235529193631135
3.7473544029868493
3.904591943707514
3.8113020401473228
3.584531535545697
3.76932988008955
3.1721229859392914
3.278157886923067
3.9030688006271546
3.5293960574148335
4.167095755530396
3.5240541711914837
3.206017149347374
3.4799872880628038
4.102035805035527
3.5683619451158117
3.1290040243264214
3.4777744360902254
3.5832276335773283
3.8209888039262943
3.6732906727567975
2.6531280305779386
2.9681012134782057
4.176786184965692
3.914451727439405
4.249311071668792
3.3348180375304057
4.066612424505256
3.4596009564838015
3.5608236643770965
4.060838170836502
4.041463366423948
3.699472901814223
2.993343055443031
3.1918869374963044
3.3203500136455166
3.683665147396821
4.09519634650694
3.628893764290636
3.4822270684442116
3.2409471748835745
2.8465343051017844
3.9136708927831676
3.8478444723945007
3.341931433505685
3.6988645927683415
3.8540105917472203
3.477416254609871
4.294013776520742
3.8833633816104545
3.9442022298013812
3.475581318108876
3.442271903540554
3.5546227499618994
3.1491709998715254
3.2175359845937086
4.220536981627472
2.9859396229899615
3.7612682422833528
3.356022645530184
3.3629464304268857
3.0674089542917367
3.1122399090475237
3.449216048612922
3.829216515824988
3.5427297123634576
4.018880116047213
3.1977627050010122
3.623639293583714
3.660773762566558
3.633438882173278
3.614463627029699
3.0421677810606997
4.105190792002517
3.854287505774318
3.3043909656526163
3.536008238074424
4.053029157695536
3.9654958399784794
3.2022954120289047
3.561858480541361
3.774158300016712
3.886616573577393
4.546580914661592
3.766866607593211
4.025832699241767
4.154868704496496
3.7241758885596448
3.514354072712301
3.5458824580522217
3.834393501664745
4.240623270467027
3.9396363527789164
4.038933942322645
3.41310301276065
4.088581864762885
2.3545877075923096
3.3963569307241106
8936:
3.5105859182668637
4.2521645021645025
3.632368703108253
3.3045023696682465
13953:
3.262370950516198
3.8008565310492504
4.1146554318387
2037:
3.4871667780100424
4.354368205504986
3.9274731416049593
3.441238464804153
2.8727890476666333
3.1631799163179917
3.1764693910778248
4.244272714299828
3.124734900322521
4.071511455554144
2554:
3.4411084821352578
4.36114364677239
3.5841064193663366
3.973064202666303
4.449464301268836
3.879197361867527
3.7212571623489965
3.7307740598907655
3.723007547074288
3.880594372580493
3.688899465566692
3.700246924122423
3.6077795176006506
4.223214694141434
3.5860763780984737
3.3585012604656437
3.8744179118518636
4.091030186211407
3.760691174513679
3.4181747798316073
17603:
4.3125
3.897943344974777
4.595302152317881
4.583858267716535
3.3173181057398837
2.6553200834522896
3.327182866556837
3.1803991526368605
3.002810065142419
3.4669187145557654
10680:
3.177856756547941
3.322987238065228
3.4015950979915384
3.4728446136025153
2.837234205292948
2.832583326977347
3.6509014321819713
3.7722778654471676
3.1027345776385022
3.722668471278234
3.8468094218415416
3.488996101633996
3.863271750571667
3.981834799497315
3.182280701754386
3.846630203860236
3.819616713479655
3.051465464680777
3.439471007121058
4.028127068166777
2.6556811707200048
3.146932622057289
3.3542082555219266
3.65022582037542
3.9343342981186686
4.109341941892228
4.314360875283989
3.7269250561377247
3.786792191610134
8179:
3.423076923076923
7693:
2.843709996508786
3.565863990054791
4.110854962438888
3.5553142123710324
17243:
3.7926021727884116
3.365573196357693
3.5670219365025657
3.0567413620430646
2.9205901322154144
4.370398882331138
5936:
3.5373303167420813
6972:
3.965264565304568
3.246943480565858
4.769854314888168
3.076213220802708
4.420391441293293
3.952556738020104
3.3088112345664054
3.985647567621667
3.307339707895561
3.779561035031584
2.9494872235291663
2.863470033963204
3.240539140638608
3.649059570355617
4.000095360156238
3.5862658752193655
3.1245079301210477
3.8515186582448697
3.669006959200786
3.149808429118774
4.161511463739585
4.035488315335057
3.911701398078267
3.4421762089117616
3.8605580384599616
3.7569017179630255
4.170363806349336
3.700164153780365
3.6724146841985257
3.730545603960867
3.192104481061982
3.236798802795684
4.269136753877778
4.045232715061356
3.6381689851298566
3.5525026675720244
3.55096383000336
2.9406415319818704
3.4596067269038855
3.6353522309976016
3.954409477085078
3.1907673968494046
3.821976218742813
3.3203186505678497
3.108601727111885
3.455506637800348
3.839992989235327
3.2539241416141564
3.5465935278652343
3.8403978195500814
3.46612575792205
3.376730985217189
3.4380865336326463
3.7433188328912466
3.859151783753669
3.6641926202021886
4.064782785696351
3.7691146002935443
3.555467481493793
3.1938144771958017
3.1463666247027557
3.318429435455579
3.97150880633262
3.132561321541799
3.4756711186049607
3.628889323071126
3.5532589124954987
3.0690298232423747
3.200171200437824
2.847212276214834
4.572695591742825
3.408457770143992
3.2971544143770726
3.7243406767669374
3.536003139303602
3.1897362507127602
3.6985265518629635
4.0521164979441915
3.8794934253432256
3.4137041204304572
4.228023088801008
3.958162969621346
4.076704590432825
3.8171946574087467
3.5849000911482314
3.324263682691679
3.7077435877726574
3.461896518436436
4.115499455399535
3.2470512070353914
3.6639644786416263
3.3343887330485873
3.065781065432505
4.5704441705865
3.6408709902574907
3.5702494497432133
2.4060849064720964
4.130527129047436
3.29952898025816
3.966516872843558
3.196891064925936
3.2597679773290826
3.144210641678996
3.354097024052181
3.263559657143983
3.8286759850935015
2.4785961021016654
4.195363826529361
3.154573285718654
3.767845892437809
3.7780397677954496
3.607195134655058
3.275939869957773
3.144266261360464
3.406997027951474
3.6254790975442974
3.4882773837017487
3.514440915928464
4.123258276275853
4.26688746572054
3.900454886923499
3.07851652669655
3.677821907800695
3.1105509319760642
3.5802602995757717
3.3842250083965255
3.5890910436841788
16821:
3.05125
12497:
3.3088947670342277
3.638382563150152
4.160103015344994
3.140048950432175
4.056792573319471
4.291241507751226
3.0348475251598375
4.2666503320878215
4.023943135054246
3.764514415270534
3.594057208092852
3.4960383913619437
3.41091881324747
3.2333647186286774
3.658856480687587
2.892870171456366
3.8764097198000234
3.6322128987405216
3.6240223578068056
3.9270976616231086
4.032043916762415
3.5424660099089755
3.780877148963047
3.6667274739440816
3.39942079307945
3.922789052700841
3.463550466178587
3.615982284328885
3.9973363513729794
3.7500870684833196
3.403488729478488
3.6368372333326158
3.651725619361306
3.7183752260993366
3.5752816020025033
3.9668065970913533
3.6936006403171096
3.587235056235856
3.807226408025642
3.951856552685282
3.2921341511410356
3.2048813028409007
3.432219002329488
2.9523015500234853
2.9688124247595615
3.240017361111111
3.2080453917218303
3.632027172286927
3.7724061622265723
3.5119889466698577
3.809009423121122
3.4197527314548593
3.3419486697173038
3.3058130027564396
3.1557731368157906
3.5344068846366987
3.3066346282205314
3.578118397095113
3.4929121984958282
3.6859362241159106
2.9928508563101475
4.39447062708252
3.619335132831368
3.5194542480847035
3.373998805773468
2.3653897431339437
3.651715913608056
3.505114156189928
3.965757438453406
2.8093844540050776
3.671007396603813
3.7076861171153976
4.000072268042168
3.580195542501258
3.4292016214692937
3.232045163543243
3.2376616539323417
3.229420585412668
3.590809192846835
2.8463654006099253
3.3820763876823072
3.669935281427731
3.568721178720054
3.474257015746276
3.1567126944330104
3.6601296343787557
4.601488642331932
3.5688658697628153
3.520528692896887
3.7998648876878907
3.5865208545269582
3.4605144297057007
4.186367954696455
3.5650343870834442
3.060899528758329
4.49670205497451
2.6633333333333336
3.6580497208893408
3.715726615816941
3.4208803905723006
2.915823108857511
3.6918049556717434
3.75236355822948
3.8708104572572495
3.4012291122849567
3.7745725094577556
4.279936039539194
2.6095241140080248
2.9283000657138163
3.630441521938315
4.032484644151214
3.374522213526603
3.5443618989753927
3.4633153198441624
3.9099172972846334
3.159043179839164
4.020295370118692
3.6929115883917585
3.084860774256822
3.61128333545359
3.858552726642199
3.616784989858012
3.5209463378023402
3.0974643578530388
3.572884748155676
2.500352270109881
3.6499644284549224
3.2878117168070213
3.4798050216952405
3.842458018265737
2.846993710691824
3.486641221374046
3.830652318615487
3.928943529902063
3.546894790281892
3.7808346127778467
4.062678798840922
3.696098950808161
3.777399687209814
3.26178071835864
4.103608308281944
3.4480544711084797
2.6314498741842316
3.5048810857925536
3.703666167977736
3.2673689846308895
3.8368398539695803
3.7238983752709913
3.475299487250236
3.3193071948434465
3.6769778281683045
3.7821501560095205
3.6864320387067466
3.780061680491025
3.046408791401239
3.3275970410874334
3.4538524590163933
1.6768522394307241
3.7977521491990416
3.9337132385243945
3.3442301773326704
3.397879529302109
12274:
3.646639707298286
3.2454246832473017
3.1242593533096326
662:
3.4048796987857126
3.81423665582141
3.6149682130043432
3.6078662222702
2.9441930888663914
3.988509637574452
3.5270287797777744
3.2202394928386946
3.6677850891480444
4.026796502221949
2.968975744482746
3.472063665000829
3.455556801462468
4.101601046806241
3.596249765358934
4.187633669112794
3.3028172222015164
4.181248236848748
3.7467586699265185
3.8435357083124266
3.7289205429632175
3.919345229651905
3.820439313524193
4.429891022657119
4.2524136201615645
4.176069660766579
4.131733383396956
3.135413181221884
4.277208166888593
4.355493163754661
4.235004818867282
4.368818410701287
3.5829537951001473
3.6763904151153826
3.4130829977716095
3.713086553590653
3.2180183319298856
3.0444679500740426
3.3666867590918224
3.260004559165078
3.328098921412035
3.341833344706588
2.514428599197724
4.024622883654648
4.359835668609344
4.000324343450228
3.361447351295067
3.8182981044271886
3.534753881617932
4.057547284261277
11707:
4.238826432684398
4.08373504731298
2.786344238975818
3.5086206896551726
3.4620978676198693
4474:
2.842801618876188
3.2740393129095096
3.684667462192241
3.4590936146630815
3.0316303700814875
3.5587471812890032
3.6378306492158483
3.3629810240644544
4.295208164516765
3.446195486795112
3.286228187919463
3.6175761307370635
2.853101257386591
3.2237969341841013
3.4258374213108196
3.755276381909548
2.706073488049523
10608:
3.9543509272467903
4.043491801118737
3.8455193100862393
3.6037478660190834
3.7311121102652756
3.4779023376039557
3.8801604248795445
3.5305249496768725
2.767691783579547
3.9292093309723612
3.3010726585850616
3.6178717356546457
3.8966500356379186
3.4160546973917447
2.8626189265741884
3.3424127089194107
4847:
3.9316207032353745
2.8650151165224793
3.3164023049961386
3.6635815350124523
3.2274422735346358
3.182646851411706
3.649736765031538
2.991925082517405
3.277043734207693
3.7168641800010924
3.5728561218671957
3.3322547486680567
4.1203084761140385
4.40873795994578
4.164560931505725
3.0711974330408824
4.022469586684313
3.4710083218805594
3.46051810444412
3.526771538142114
3.9566001211709247
3.4147627139979857
3.484200544209639
3.3937845046663453
3.0813409965639287
4.062406739927912
3.603624981280281
3.1829467897841326
3.8372408658077504
3.057482185943873
3.247516341531653
3.5882519893620377
3.215364238410596
3.655383122774594
4.010025118170582
3.6168929331953996
3.219044595657755
3.4836092468307234
4.377704118665813
4.121749771192821
3.963500334001336
3.634499979017164
3.2509298975058476
3.8612668161434978
2.507455750187186
3.7429064867895185
3.542863186765092
4.195918213544505
3.561878444162396
3.1981869972257533
3.736185318179122
3.77281250789419
3.037362584580654
3.7079062576416115
3.9758050027357434
3.5132219290530635
4.272824003421818
3.664335474931611
2.7982894904385813
3.646636313817669
4.11870858512339
4.2839706248545735
3.2634535806435907
3.666267816400281
3.2447789138500855
3.4371608108983533
4.266008339418424
3.332037598390096
3.6327745424759597
3.6793860161676313
3.75923010222709
3.4844853943725984
3.99251417615143
3.621785911267659
3.6099585633836964
3.49912911387894
4.063721070033063
4.040268456375839
3.4076549029950387
3.441840056669759
3.5951181471540865
4.188651639659858
2.8137908028769485
3.815835999850592
3.3014841949472435
3.327901979375254
3.464603985637944
3.837946022440109
3.523206209884736
3.5033376383818116
3.4897210540127253
3.4281751854473628
3.381803885416808
3.7845015507029007
3.4573280344728223
3.3811448715195764
4.087004397394526
3.738482233403269
4.23463168384603
4.133642835035593
3.5689337961287024
3.866634018935684
3.8960012362663896
3.1580720787569803
3.5031036851905326
3.520054228706779
3.108758987081453
4.119877342513099
3.8128607287858625
3.927629525940852
3.747237628710153
4.0211209974615185
4.206051084368572
3.5545748057535804
3.549740155052582
2.987368523627682
3.5466910358311727
3.5719318590141445
4.448162358253308
3.679713440675654
3.3765586779722776
4.457418369084287
3.4167969269802967
2.9837981312003077
3.3410614591783174
2.9096334902488232
3.7909809078677954
3.869620702936406
2.9927800575534107
3.6360802153157703
3.5523423460175074
3.4924787882866073
3.6973463218004703
3.333404691154838
3.4881597166123335
3.8642152200496547
4.0874495477487
3.3360775349421776
3.355174028576407
4.095036144578313
4.0694636906331665
3.7367896818472635
3.9917722540052867
3.3084568222849597
3.455302106617896
3.5281747757565456
3.1444537854298846
3.9379004231346104
3.701048356390405
4.067190321593858
4.197044580899606
3.3489491433403984
3.4165657563493834
4.456372355981305
3.3442113687731605
4.300300702563131
3.1512311709963337
3.332729276700845
3.8180897877213766
3.554628559419985
3.3549069759699384
3.627858693375302
3.5574122604922627
4.3202571822434965
3.7790769746711503
3.1314843321193786
4.619558987336297
3.498587955991
4.02204787134731
3.507791642181063
3.450404999205884
3.998720726836018
2.980695114540553
3.544753492863772
3.6070621618072507
2.9886557252591186
3.368328213862109
4.139970536083621
4.073841708017262
3.280644105670198
3.545453591754308
3.755515544961201
2.7727634982406264
4.292581288222641
3.472521978250906
3.191531518309239
3.477243476913978
1.6083129740518962
4.0765355510601635
4.0642992752317735
3.1931244120532023
3.197926553652081
3.9378972997167843
3.6013988444932665
3.8410764087241116
4.027576270598658
3.26445316281268
4.147388685017918
4.072884319485243
3.8278958320196734
3.8423098199161347
3.9599451959062444
3.3340247318333915
3.264409541440086
3.9283767557037015
4.060242524409167
2.9229571472433
3.570683468761174
3.4992569145874945
3.8119624757666837
2.5705289820923656
3.6545164402879835
3.053209134363037
4.375736857840732
3.5933955049010105
3.771664541203619
2.9151267396897644
3.7225512959482776
3.772402742597456
3.786237414668383
3.5207138234745696
3.478731045909272
3.699505746080839
3.8216227855802525
3.903699984589611
4.008905396939049
3.382857142857143
3.8759955816522296
4.016372472349458
3.5321938608010504
3.38094552323993
3.5625030161666533
4.068625896365206
3.3768183594598113
3.5944304491532653
4.009417212587082
3.3887494186877545
3.4421933435574568
3.196513751553466
3.8104635166784147
3.2187420938964464
3.506691519819219
3.4379863056333644
3.9896746798887026
3.4903361344537815
3.0841932107073426
3.7457498321395786
3.313574503428097
3.949319344021513
3.922018284791896
3.8971381515865944
3.2004068055586536
3.3877180760504717
3.4638734070015627
3.693910037166245
3.4215348700387698
3.441221998525226
3.901040866698338
3.8681567574954467
3.2455220620358234
3.401704342727225
3.7332465929820797
3.5339205189150764
3.663098501884196
3.7097910877842954
2.1851101588538286
3.4219166040175746
15674:
3.7504817856420205
4.079773814435203
3.5184650474364885
3.3437230372503155
3.6097227395899525
3.2344905341097934
3.2405438225110355
3.3395926186876084
2.6574212402573707
3.459657951155586
2.9504248525193484
3.6144804222799967
3.5546608763834855
4.279665190644335
4.070616094641165
3.631807122123956
4.002335002764049
4.105447432654247
2.854168942687963
3.9001413167898478
2.9675795325851952
3.5083357404858306
3.512303291316968
2.57642927979844
3.203575345180683
3.613676575900631
3.6132985419070596
3.8000747205703482
3.6739508033410817
3.8591626315028944
2.8511843316686662
3.3125434809382894
3.0898574819473796
3.5571703478185945
4.363450997681191
3.5692509062809856
3.537913250784538
3.9053517070169455
3.3421247625505774
3.5547533126270863
3.770468028479336
3.6447867010802146
3.502569460493542
3.596382482473786
3.6872565611368504
3.081982075325079
3.26541292405625
3.4279689173117536
4.022976927335467
3.1652485822074476
2.8282028251816773
4.559542937618026
3.5665707940437614
3.553096993183563
3.9581251237609347
3.806189204000548
3.8851178753193065
3.8734836149658856
3.1388952411864945
3.646722896914735
3.115808709296545
4.254121833035526
3.8276714153366322
3.932869260226907
4.057324112705035
4.782880042044409
3.3913817767786765
3.1925723681103797
3.694834757194245
4.186118850361729
3.470433610202127
4.5904108689944865
2.9776479854949693
3.4685655100983945
4.115127247994982
3.4285889225229718
3.5301172016802367
4.156712239700916
3.533706185356837
3.3943464923295803
3.0185574240322057
3.657856564188118
3.5728657402246564
3.9710469630890333
3.8904192356810348
3.9982179471589885
3.1404945621855918
3.3504931271246794
3.8029563877783077
3.9858388360162054
3.774891753531117
3.330228758169935
3.7467392069864074
3.039526291983479
2.96151124668165
3.1212804328223624
4.204698991317038
3.7635657286854265
4.167162101416702
3.597648053289362
3.766338615946645
3.4587111322894786
2.967539558366855
3.698798642275079
4.200110848393862
3.7168800274671376
2.2253726371276747
15358:
3.6647314949201744
3.3776414451261076
4.151001908396947
4.062992125984252
4.063725490196078
3.4369202226345084
2.646858743497399
11283:
3.4314399178974613
3.4359912419278844
6632:
3.139175610089548
3.626273332155685
3.294624072638689
3.1400974228735583
2.5320804075450916
4.023351697174338
2.797701893510277
2.8435506865761235
3.156648475454889
3.7695123357159326
3.8484638896945627
2.892436974789916
3.816413655768785
3.502202643171806
3.670158771473191
3.012639181462534
3.559032152458805
3.6070971867007673
15440:
3.704080711513083
2.9337019223086878
3.3070628835553335
4.092720801230048
3.8140121723572697
3.1486845899958342
3.7303552541529275
3.6072916896833638
3.327009421788549
3.9872379441938843
3.992751243179081
2.9784656796769853
4.106692504726234
3.483953949310505
3.591022988653448
3.047870037939551
3.310473659998366
3.5309139631025044
3.3415666195120117
3.387068913812751
3.8088038647342994
4.280577092096177
2.8620965332029353
4.085941880022426
3.4686251440056868
3.55205574912892
3.5627213405036726
3.697780956760163
3.900010358937173
3.414327723056326
3.423947750362845
3.0909759543733104
3.1673654145977177
3.2031400192246076
3.2412179217501054
3.049737670514166
4.1181500006055245
3.185500580320681
3.6436573828518233
3.3393716420086816
2.945681694731124
3.777347191242901
3.4980642862797877
3.0957619702462806
3.4141526265931295
4.162613103415604
4.440141346784076
3.76907059144181
4.37737425167565
3.5623984813792835
4.113907790730378
2.1217358143363882
3.936029965515875
8783:
1.84
4081:
3.509695290858726
4.289817232375979
3.482666666666667
1.6180555555555556
1263:
3.3446601941747574
7219:
3.651779341286836
3.552900432900433
3.2197672898418093
16128:
3.773198827318939
3.8610248901903366
3.405780130216872
3.667799849053849
3.5391956345583786
3.7784368175156153
3.637696958493274
3.297443788353419
2.986119865444967
3.6129665588340756
3.2810835465741035
4.319927669894105
3.934846530076052
3.148009456467702
3.5717305217305215
3.110846829835137
3.1483183927530103
3.591418875064629
3.8806709362081966
3.688740548126026
3.67064045576385
3.6942301242991364
3.676031496599716
3.6459042303113964
3.6940787423171386
3.519887753263136
3.758453800833453
3.828816777554914
3.2806235384597366
3.549938017563564
3.364115089809149
4.051615329634502
3.924703314691038
3.5446087652489537
3.4469952565963875
4.270920432975323
3.3280121626757886
3.839055402738032
4.123456384365191
3.3421992620569942
3.7315206452081466
3.520514274910191
3.899951494951862
4.078176288858853
3.9042449861829325
3.0168395534162453
3.325490673904029
3.8717286263682085
3.8298801670193385
3.4367272405321057
3.849460473431924
4.019029621617177
2.538805694213348
4.006988303387568
3.4629978842792752
4.385717665441581
3.7161858081216312
3.1841806356687536
3.7516158947841727
2.9225081122138383
3.1893343678174584
3.9915146806248467
3.603527099337864
3.5589186944292375
3.6615468807004743
3.463383663377404
4.441061782196196
4.072169978450654
4.070418588447352
3.737407499918964
3.8021568190446966
3.9541471955897003
3.170330792136801
3.856352311840406
3.425225338521702
3.7835896358629952
3.2705622940101144
3.1854923693926596
3.6231163765079826
3.734459309100567
3.656870187615226
3.5751078760352195
4.036558141777462
3.4745493389758226
3.7821872519936
3.328635192407879
4.015365270966931
3.7347019623805298
3.6385261124286368
3.0186394784795834
3.1852812053982764
2.813047138955754
3.1511087202304973
4.136585783465285
3.5316665116472366
3.613513441504809
3.6954650876909256
3.445588843487899
3.771923881036855
3.716774048209056
3.703504424778761
4.056837858283601
3.5460075651204233
3.785991957793844
4.115987488242886
3.554240002126147
3.801054519066641
2.738025995608048
3.869986928683785
3.369539356399775
3.02022942449096
3.3321400886659176
4.261693725726546
3.5635906766865846
3.913913436025345
3.131031307264169
3.7525406221996653
3.6573423192183885
3.6268046746030773
3.531165596971108
2.919994126625113
2.3831421607381733
4.280361543463079
3.751516932503986
2.8165979628174966
2.8453143305116844
3.9555313820535654
3.474276899109702
3.590594385502656
3.7209950945274177
3.7145070865220857
3.49083286203225
4.152484843399274
2.908015796328194
3.8653985359006477
3.25531589023612
4.549084940799467
3.300446737557415
4.114002165534577
3.249443111672041
3.2806004092403973
3.497348495045012
3.8091234411278934
3.9981548221470713
3.695292909108819
3.427337101764424
3.0217400947951396
3.6744133116365343
3.553955511386736
3.324957785507079
3.263369563696896
3.630772149943244
3.7355912353260385
2.9501662666093176
3.4158046391780132
3.713293217956176
3.5101209050136006
3.3147918511957486
3.0845591070857985
3.921798738190436
3.19219696969697
2.693219077504878
3.479121227936251
3.257296269592551
4.074240485489095
3.5213482057821754
3.654073225060012
3.6512915946652487
3.7660721108637607
3.745362443764834
3.8394062590845546
3.9053001898333175
2.744451529231963
4.0653345087667745
3.384160147382773
4.082224263742994
3.6777730077239394
3.570407557127913
3.18259866859175
3.8902068374810126
3.661836142251284
3.339515140509375
3.5423160052898135
2.768108699243262
3.6027402057181614
3.3927975189582513
3.568634208905638
3.9504161831492386
3.6518713341402105
2.865612315937422
3.3885553660397685
3.9050176992617103
3.3129821116386204
3.2825656154028793
4.316660232320616
3.832686843173515
3.253391448959248
3.3718761494135436
4.004931662858453
3.7511690025568956
3.1153153886875433
2.6230906976032324
3.6014563713642804
3.084427419323455
3.5040021192919575
3.5262879870171124
3.2631796076066863
4.573567650126658
3.8013747045526505
3.5526407486684257
3.711103707115349
3.641899629222583
3.4448275162749193
3.5358504861724964
4.24828132241619
3.833702621011538
3.675394933326347
4.279769087844309
3.3730809098859096
3.664076485453572
4.041147052428277
4.140744563523146
3.347704449247951
4.031801477101069
3.394456165216289
3.440693704721701
4.468051355237636
3.3715158908170357
2.9499572609409754
3.7924767900305727
3.5648351920906705
4.265023773268281
4.272377541794458
3.27480007167958
3.92414311615057
3.9852473853171912
4.082968286778045
4.416725866695812
4.144745548347401
3.9012900351764825
3.3776161127925786
3.686996873710493
2.7990672149054814
3.5610141630061185
3.790487437878797
3.656086031237387
3.594167121000118
3.768058479311488
3.705710332393034
3.2034585470792654
3.4820613048645144
2.993594479508283
4.120747916197342
3.527762352658305
3.59782129003786
4.442123990255161
3.3575266819488827
3.5565105609502425
3.5270713408494316
1.5213369008208244
2.9225583547182885
4.135730162277838
3.698277310218549
3.825464666270112
3.5429000171184852
3.8293750450572337
4.2788306377107945
3.3570607766777893
2.815388380768577
3.365650752593859
3.4408592940748215
4.425645895122893
4.335347680475957
3.5575051448949275
4.214275775417173
3.992010999113237
3.550680840473566
3.598768254077786
3.8314804402105227
4.347468145159358
3.9544758463192387
3.3940249678542944
3.2197357986087507
3.8538734995784476
4.181896892774452
3.5072079808518026
3.9186414975946455
3.607844408147745
3.721202318618089
3.676658946903507
3.3763149801236705
4.45045399689673
3.290883050749378
2.9709691859216747
3.329764458352644
3.9046745316875424
4.074480979288125
3.288830375764772
2.809986442523577
3.6888688521593975
2.8371244226877237
3.8067074099459295
3.837278259266089
4.316404222183769
3.4807911212293683
3.3699649761451695
3.4741561571937445
4.300736219188295
3.922409018376486
3.194309225365918
3.461472067232421
3.36749628045542
4.110313731707792
3.5902480212829144
3.8225101385158267
4.061195286490993
3.399503419343101
3.1893829488300147
3.6456481082384227
3.766564768601463
4.064697576057714
3.547080754334528
3.975787445342029
3.790870607282574
3.619905859319607
3.2657638584996036
3.719346668106318
3.220340280310295
3.755503371637185
3.4339743616606673
2.8645141683626956
3.9982160474639494
4.016544190823468
3.630189049684077
4.022749025879795
3.1197816133664817
3.6748607460011558
3.4561647724392444
3.933901918976546
4.3260498395009765
3.882769978179423
3.6532505772735386
3.8629120816456872
3.471867847360324
3.7527189957995146
3.356326529766726
4.2030629318096455
3.2241924528559305
4.222066242419584
3.8261308964614114
4.261082287158257
3.450671426394908
3.7078998990731162
3.77399681083658
3.3526069484188885
3.7980673304512824
3.808963944271865
3.688826563998384
3.4388251569822836
4.329640838736329
3.1252080839952128
3.306548883165394
3.64079006387948
3.9359278095224015
3.2580726916374205
4.291701548458859
3.2553783020953917
2.991201143022519
3.8014685342591483
3.9439404741696373
3.192401369811262
3.3901464242767205
4.13642992357849
3.5549853824776143
3.746009849450137
3.686099509677277
3.97914753590397
3.8508961965705866
3.5723192327368882
3.6115588803860708
3.064056327045328
3.9341228617087602
3.686552791214684
3.6025264624549482
3.39658726258752
2.808692515929508
4.139371549816946
4.169270605363914
3.2824364907801007
3.192930807078196
3.5770021238511265
2.954680229877216
2.7383290317484987
3.120010113904769
3.2820391191410287
4.1868257991587985
3.58486494328434
3.6278365710459486
3.1686799726610198
3.7037915727478152
3.7103488477399327
3.6581484743104347
3.770530363843411
4.0820526636924805
3.7248137208370005
3.7086955135359205
3.096334603303515
3.294373127941806
4.145766982057687
3.241190039628556
3.7709767296525505
4.634117070014506
3.360261804749568
3.776581571579543
3.4835638726651403
3.654542092937261
3.78661954951296
3.415995866924881
4.383164104359635
3.942921151951215
3.2856170703575547
4.257172016552958
3.619665370051772
2.571349471480514
3.13269175832024
3.403233796301094
3.425545756339687
3.4524071417008
1.657930862730809
3.7510417436395005
3.67856520571217
4.0644028711029465
2.9978428088520785
4.187969435975349
3.570390717005014
3.5538827336013337
3.871114333312766
4.009548912419671
3.966530808204625
3.59743981173893
3.5643299297386597
3.7193895418553566
3.401688725369573
4.896446723577667
4.145091594110857
3.7308894641723245
3.903317380931713
3.3257041847849345
3.6645948664051247
3.6982693092327725
3.5491815560768427
3.9084791272091777
3.698356941352623
3.8405996904232174
4.0143675049625145
4.284945058746209
3.1618221590615643
3.0792734406316975
3.5553651634879917
4.093589790119569
4.0583198935569715
3.7404005000887444
3.7584183682486048
3.10318078793073
3.035596478196431
3.0268945590554925
3.3561779661334037
3.1943784390225454
4.27151946895491
3.3738352519890555
2.803538560971155
3.0135473632407503
2.979018144975592
3.622832277468484
3.4210183459665653
3.5513325113808802
3.575463904751087
2.881427208177657
3.8512118341986015
4.092997393865822
3.818794929193833
3.408791872395526
3.8463242957889463
3.272407130538406
3.4304460379193
3.512393062326533
4.370903644032266
3.7378855125699326
3.699524286093097
3.6992044209423085
4.586602359106952
4.32916951859457
4.230372596237257
3.5992370135598217
3.928050843986224
4.216338534554956
3.285129285658305
3.142190372242647
3.338516973260004
3.0550888873149655
4.187736397420393
3.552774795869132
3.531184049437416
3.9755143269794293
4.106949483762238
3.2573189971117205
3.822312861905276
4.055786290848111
4.596291104448693
2.830012023629045
3.227683179763754
3.32107173634868
3.775201625067879
3.4686392841825398
3.808816488452156
2.962981229963384
4.234409843673945
3.900940973580176
3.1523686221241194
4.0746196166439175
3.3575468904960175
3.430154671561959
3.944218333207579
3.555727051177904
3.1969915961377997
4.259606162687632
3.7925482524016703
3.7725120301601636
3.7373030162826866
3.4991053465177004
3.7422526929869346
3.858968713870961
3.767900085433125
4.3021599596134426
4.187564493819571
3.0073137762438886
3.4268628096066176
3.341049847005339
3.703208917948658
3.864128329455198
4.217084801990462
4.411579086348032
3.452757233895501
3.468991014372108
3.563153610461259
3.3246187773982734
2.7823658541860414
3.5463107914041374
3.3655281277248266
3.753888421145921
3.361595093313169
3.6308581764845487
3.8191417274764192
3.623682269940676
4.221705284576079
3.6104883718826604
4.27004451894448
3.9844625730122933
4.29118071007541
3.8707188224389495
3.6395565137049584
3.4803271903187074
4.04717430415917
3.508005909255913
3.8818253611644407
3.3941077149389676
3.570901170973554
3.44401748607581
3.086202019630583
2.849997140112318
3.2857528056620797
3.5211310181824587
4.173292551103215
3.902564444325967
4.479507462929505
3.3744516599256524
2.8956257730799506
3.3418435752126534
3.5865161431843573
3.321131173221205
3.4087741087083576
3.827935120477149
3.454666940405756
3.8928778235920833
3.719246383757206
3.160889258505725
3.3981013563956806
4.464274025025806
3.352197852007004
3.5919914706382574
3.4320810015054213
3.51437537376465
4.833583607924755
2.666972519811757
3.4771781156967623
3.2057195417115656
3.395103241848939
3.3290265460608834
3.2013139942693787
4.191908179042937
3.4318119500461153
4.00317523683766
3.9069726179482656
3.9317408833123344
3.706672833578837
3.495014397563123
3.289829384293938
4.0459742715386975
3.732232075735299
3.110508104545548
3.8835652502108453
3.583339456860625
3.2775246546134897
3.2224318163955044
3.6665728252245797
12730:
3.475860664086372
3.841666666666667
3.9599846094651787
3.7209944751381214
3.8859390363815143
3.3936682725395735
2.8312591508052707
3.9778067885117494
3.868671679197995
14632:
3.4962068965517243
3.4029743170843045
3.3895320661246027
3.6132527746765613
3.615438078276356
4.43343876706222
10510:
3.5318324261916545
3.84990125082291
3.7612338156892613
3.8322080520130033
16650:
3.2927191679049033
14497:
3.2689950980392157
2.9689213893967095
7180:
4.299013304642192
3.614913912052313
3.108389206093487
3.498197638284649
3.759895566226864
3.038204494646429
3.2093105710081726
3.049487581940726
4.018670605612998
4.038815450177791
3.4372753282957964
4.1071539583482775
3.346241348179356
3.35883616481156
2.198917553671297
4.262991174875512
2.8747096931915412
3.4751228900621602
3.2735066950812404
15113:
3.4316666666666666
