14370:
3.2045454545454546
4584:
1.6455223880597014
8619:
2.9881771692661094
2.9328687019360338
2.852024958338178
3.0101600505712165
2.8502106211945626
2.8019841808121013
3.0435488799189487
3.100095289043432
3.146498866681656
6085:
3.721828606308997
3.6997047631107174
3.714706270992167
3.7989139238358236
3.8901488696930713
3.7134596972859004
3.7937785929851877
3.6890093015093015
3.7892954687025826
15389:
3.6959292560023713
3.6026330224904006
5561:
4.0716566274974495
4.005230267626681
4.118037334132993
4.147397032068565
4.155258874042674
4.095669893020887
4.06700096960912
3.9941303378800037
4.130656726953438
4.090419176193923
4.091091004978325
4.011676021139744
4.072947746004684
4.000118284092104
4.1197165921365935
4.044505319248739
4.0378885118676955
4.133722159232853
4.028215548440013
4.082697822357464
4.068293916782598
4.0311670979607115
4.03494955271435
4.12717296979537
4.094500975378288
4.092572065948621
4.052838513405327
3.993158266226058
4.153001324214004
4.028365013109455
4.064901678657074
4.068864105110381
13352:
2.6320093457943927
12003:
3.5528492834340826
3.4686819956016626
3.4248668733890697
3.547659447050604
3.52617818823849
3.6688130370940955
3.5275918926215915
3.689187945709685
3.565826032718097
3.5224739289357054
3.623201395572666
3.5037869364513363
3.5585758629353172
3.449993238642699
3.459934385892967
3.5224359748002607
3.660215672178289
3.5803331112591605
3.600066510622514
3.5733883270241256
3.449046658065085
3.6791522101252543
3.625048802911802
3.6527851940451526
3.343721978527979
3.5389779340205365
3.465498435546922
3.4198654413481333
3.5122440206346726
3.7280968144446787
3.482651211961036
3.517499137973499
3.7529922824529782
3.5108392433954507
3.6236909299485625
3.6774600852801966
3.8281042591534438
3.652669012916659
3.5037169708800384
3.756547420568761
3.576813113504241
3.581681545937394
3.4679416292634273
3.42493140143576
3.4966719751725264
3.7092411171223865
3.554396095293843
3.595036354268048
3.4658402915267854
3.5393815486838744
15881:
3.9096274437476946
6123:
2.5548649294764525
2.5790514202585
2.589404637440385
2.5208466804848944
2.58118823716927
1348:
2.746631406623851
5732:
4.296585076983813
4.057390668616243
4.060538116591928
3.8981233025971282
4.016382103246861
3.9599887333965844
4.019493728548652
3.91355539442126
4.246651730146875
3.9280413319946454
4.18803288037053
4.062124127976906
4.287708494682559
3.9171643714032123
4.042036213385267
4.2792823127615565
4.170682049541907
3.880026322328882
3.8298946550803437
4.099630009361209
3.9242837969176656
3.904848137535817
3.9583401623173624
3.9843474626232505
4.253849190682985
4.234472340478658
4.218838998163477
4.269365500015231
4.067869518460987
4.03404840439028
3.8976195724046727
4.1056999344835114
3.7798833819241984
3.9353116415831626
4.020793645668529
4.049035699630694
4.230124840209971
4.269533429533429
4.166353642051368
3.9541398061658555
4.108536670303903
4.1215838926174495
4.018516058120856
3.9511851041318127
4.060528209955152
4.012379888268156
4.200061824712221
7705:
2.920278121725879
2.8962168841686915
3.0131151636272797
2.898543767895915
11890:
3.2440309566935617
10276:
4.303818301514154
424:
3.457996880404911
3.552218417924746
3.4063865789545122
3.527824143491668
3.3370432440949394
3.6066601876879156
3.5419206040380873
3.541560853579957
3.503336349242253
3.6512934550909235
3.4090609089194794
3.647895973512763
3.6659996684742713
3.5734100135317997
3.4656869794867102
3.5370609385083434
3.397865701309229
3.3932140242064004
3.676685006877579
3.397950807326184
3.4709650129917216
3.561249360575332
8539:
3.67487305041712
3.6724415793714744
3.690675658358429
3.7355095045185416
3.649704408218928
3.6930981452139062
3.7085414123478713
8376:
3.6921909167137072
3.717681784107946
3.694897723262634
3.696316530795168
3.6104440182917834
10271:
3.1129174765859693
3.0626780626780628
3.1056348959950326
3.0678515385140206
3.1408706050261337
3.1363179534033807
3.1055212465063344
226:
1.717586649550706
8576:
3.087308730873087
1897:
3.330247340058035
12962:
2.6625708884688093
3835:
2.6317199521809767
2.565671488741108
2.681862931555277
2.63810623556582
2.7086384001748445
2.700975100430035
2.521304794407077
2.5666598569969357
2.6305471280224606
2.6921590427784836
2.5799383828783062
2.5159441363451913
13102:
3.0649383657389757
3.1160723595037014
3.107394366197183
3.096891511699719
3.155416283348666
3.096072220462464
3.1345317595899984
3.1255621785629746
10851:
3.5345238095238094
3.510717474581641
3.5113984912542486
3.5476599132973545
3.55895865237366
7055:
3.505191073273453
3.5698397700877917
3.454871623648186
3.519678686183506
3.4435245991974224
3.5656324065756864
3.560872758285755
3.4497208493013227
3.467176088497618
3.662412627599888
3.613156706526647
3.6338557883027374
3.5971178273053455
3.6599374198899195
3.6514168588958715
3.367911863106527
3.473849957773278
3.6713489737419653
3.6163144797334343
3.5226515927926267
3.6729490090770156
3.5964956056447366
3.459012046026609
3.675123762376238
3.5221849061200343
3.398114288231925
3.5749194483825235
3.611147462970674
3.6827897816138564
3.5835691854379097
3.581572218458378
3.3036130033629387
3.7237696646657006
3.5820676287535775
3.3909359083426325
3.438901900375674
3.592070253620814
3.593013388647935
3.5614507209164525
3.472591403209053
3.6940391494835003
3.702242368050548
3.6145542398980512
3.637939232561457
3.6847904035465153
3.4771299521287595
3.5334739341013384
3.6863965998930035
3.33975145123048
3.57008845137591
3.6403031332552156
3.3172455971224513
3.594729326886946
3.66754157567613
3.607378640776699
3.6299471145464057
3.5089922703922416
3.5722103982973548
3.557570929591274
3.5505216458118976
3.4076221537718188
3.5189068205913534
3.412569219989603
3.7130904469392076
3.616279186207587
3.5580717365456955
3.6156723724636213
3.7150393817803535
3.5775258123772726
3.5332437145763698
3.5102698084064543
3.524095324545122
3.4069056979112395
3.5962955012419884
3.5598174981658106
3.6346348243618904
3.6363768563794014
3.6740453194078593
3.610536245555475
3.4499095840867993
3.497130437555133
3.630365500014356
3.6026991345166497
3.5406280497259237
3.597107374973301
3.570867524906522
3.4588965326511563
3.620448534856659
3.554933992142181
3.6110235308500576
3.673659483652963
3.5899276841631775
3.3118820148184605
3.2270249388333263
3.5683544919499974
3.473668135608011
3.665360913948947
3.4710220110955814
3.5244894306679657
3.6342207053469853
3.4814690723088693
3.58779399837794
3.530459656451543
3.569458144980743
3.6027465602352695
3.544387427838358
3.6198312417012892
3.579672782898364
3.50687332681766
3.565610423918876
3.6781442587388455
3.4208217242867796
8936:
2.357282821685173
2.202354260089686
2.2553683515031384
2.3919382504288165
13953:
3.7438936781609193
3.460038986354776
3.6885561497326202
2037:
2.9960118271885205
2.975054923663061
3.00884846489423
3.030754449996606
3.0067447738475934
2.979779269892722
3.0456827964001567
3.0575429569944665
3.0503648406482977
2.976863938496036
2554:
3.4405051059915155
3.462624439265556
3.4080957061588686
3.5893978965200817
3.58719580229788
3.459686518383541
3.6130780405791425
3.4619001770351274
3.4172110935990645
3.4567378531557034
3.4447060362304622
3.4090331750688
3.5286743393288273
3.5013542211689392
3.445153556183824
3.7248669491401176
3.4614982613414806
3.4651854205437793
3.382970584355626
3.456258195403152
17603:
1.7448708336173404
1.8653667595171775
1.8132566956096368
1.8338320995432351
1.785774675366906
1.8236435214240885
1.7686884741591469
1.7909245355400887
1.8177320490367777
1.8550623325177678
10680:
2.7120722433460074
2.717855579868709
2.739645784060283
2.737113043478261
2.6861219195849544
2.4628207529499906
2.6061276654143724
2.635239718058235
2.6318787146807363
2.70167106306119
2.7838375661911026
2.588391304347826
2.724631926201967
2.682468578794715
2.7380262089759944
2.426961549824843
2.7067456689267013
2.66833000402675
2.784513274336283
2.691312043661037
2.5821359070626855
2.563343377440063
2.7207405410575927
2.7330709116107177
2.6446559587547096
2.6668859745310467
2.6640812557710065
2.6422533350944395
2.6838069534846802
8179:
1.0
7693:
2.5288212770361174
2.677839319362759
2.6168799679520967
2.658357003005819
17243:
2.506187611103514
2.5583356400015815
2.532147794776743
2.5273580917202554
2.576868246523832
2.540325532589863
5936:
3.1482021379980565
6972:
3.867302985375782
3.7110703839925687
3.4623373587845734
3.39687118064043
3.5560738811271606
3.7261691031888518
2.8420249434299847
3.250042241901979
2.8861158085019536
3.755737807881366
3.462105254853699
3.247950763419549
3.4986415560358135
3.7154834106314665
3.621064792529123
3.4369629666850914
3.145455535587867
3.698726532007635
3.5809886050100546
3.4116024505676372
3.634790739665957
3.1155876794794364
3.476048618424498
3.2268328867828435
3.1870700267941197
2.8609086972076296
3.291170610335154
3.649356959722107
2.7990984296015613
3.4938529688191067
2.90860064041346
3.7401891076017266
3.6716767485166377
2.963596370635139
3.6626496033610656
2.9922648715127194
3.5261763395276575
3.6833428675438142
2.9446519524617996
3.1523423028996733
3.1963921034717493
3.84346872836372
3.7088332067830927
2.8857356899791764
3.70448109278694
3.3368593642566244
3.580908657585108
3.3806407216163095
3.800929998743245
3.6160754935640083
3.9240371616763023
3.0371696957792698
3.653651374210906
3.476919291975812
3.6608750066570805
3.5166767945050217
3.8013076094556038
3.862732887020603
2.640315942447001
2.9468059477117885
3.6112927839546543
3.4546458884391895
3.618529267649165
3.4216010338026255
3.704228530168329
3.3386905336958472
3.250218685628827
3.538571660492643
3.2883640579183053
3.2116630669546438
3.7218085634458014
3.6100763517373915
3.5475023729112865
2.7908175001150113
3.2293437299550996
3.1066690107829347
3.3620750590885997
3.1064144797719955
3.4957284257272967
3.5614692499330847
3.671476999412912
3.428011474639563
3.1334004910151467
3.3837160063987954
3.67398078897199
3.4479843259232155
3.5492908509788252
3.9396409990765973
2.98933453507586
3.469925925925926
3.090368050117463
3.388075008906498
3.102541933252637
2.7467613873798578
3.6897207216006853
2.8294739491568084
3.9971917283635436
3.359178749674764
3.632839499411233
3.1676742060098495
3.4655864707827484
2.9005556991470662
3.486344819791181
3.613457130647605
3.163910498035127
3.075858971479901
3.260663387564636
3.6997424302170465
3.6426448434509995
3.4324785049303776
3.4485865650680645
3.1337065433450975
3.455593315348772
3.3718057592835637
3.2504152606088157
3.5987889374710416
3.4550106077623863
3.6790217582546476
3.0163945091405893
3.566403488098044
3.47592180546726
3.2392347579632195
3.284550182756678
2.788235945108455
3.52060644885757
3.6121795367691427
3.784551265804962
16821:
4.366726296958855
12497:
3.377522810040334
3.3672562086785045
3.3609291244788566
3.312668041962828
3.3798261910228846
3.398312925170068
3.3596454138539373
3.3164070998042052
3.366551178579296
3.2804755481499113
3.28577963762899
3.3978572350587326
3.3801768740697575
3.406629063561378
3.370425899130071
3.351138540114918
3.3125986927582
3.3191474733585427
3.3906520287884767
3.3909607786450806
3.383576626368979
3.395692528109135
3.317405036278276
3.40670927590414
3.403460056471616
3.403555077013964
3.349942658282912
3.3845695281124497
3.287389164176332
3.306449910271297
3.3866418491052874
3.284769164389472
3.321540796477202
3.3619368039578963
3.3355154305445653
3.3682172656377816
3.3209997071170556
3.385204225978288
3.430850429389313
3.3766041872713624
3.393109857845933
3.360643238372496
3.3606888220054327
3.374316615165201
3.2906893630539527
3.3040725396701323
3.2864589647229967
3.3583235092868153
3.3178418803418803
3.38472798243474
3.390073400908773
3.3870321525157756
3.296356734896591
3.360329433951145
3.2915486307837583
3.3416204411443546
3.399760191846523
3.3819661080716714
3.3814556930321094
3.3558269546038897
3.2826595111965586
3.3706973080433613
3.3878697253729166
3.375344246062444
3.365789863297636
3.2920625173090583
3.237398182032818
3.2691751503933366
3.3839492558493407
3.3595661549629567
3.3426837100416416
3.353389956459275
3.298031578044807
3.2827930813581037
3.369369369369369
3.3812808353690667
3.3095419546422096
3.378315662031772
3.35736820679829
3.312532485400679
3.365824885416902
3.240434717880006
3.317030792857223
3.2904763959609906
3.3772769223296253
3.3432987329150143
3.294794850080391
3.3251530254505486
3.2986061845344907
3.3554800820774076
3.298362774666092
3.3587164750957856
3.3698372691426113
3.3963892301186136
3.374871919071483
3.3582640592620825
3.4178361735643707
3.346706631885221
3.41762142130125
3.3252598572945216
3.3917631752252757
3.2985021185176344
3.337244746567398
3.4407241659886085
3.279831725758466
3.3551965301675
3.2990639413945915
3.3543016862733053
3.315074535235109
3.355144710095828
3.3639630295060106
3.2852437468589324
3.316908263997688
3.2934064647748365
3.278953044632487
3.387969713965227
3.3440463273104686
3.3701575009579123
3.3135467561194973
3.3758088131110378
3.4052705676521646
3.3900670053751565
3.405999322110496
3.3766083597805494
3.311405941814596
3.3552568900986732
3.3704113182797713
3.3938941537928944
3.3632575815387433
3.447410649161196
3.3669433962264153
3.264011036385584
3.324970963995354
3.3179849756959787
3.362639799531353
3.4272196642859734
3.377381570168285
3.4152433787189707
3.393237547407276
3.373258317260366
3.3960365666605314
3.3813563105495783
3.3361844943134593
3.4003993630412253
3.403075959497547
3.304115830810276
3.3496062992125983
3.3190885117316924
3.3325572508908654
3.3287432867883995
3.3585813110793894
3.294085830409989
3.3380214489421918
3.3587009578375437
3.3058514666532033
3.3892112148759477
3.223175229436487
3.288118811881188
3.3658966716343763
3.2967021867582447
3.2875230715731467
3.3630669849740205
12274:
2.8448979591836734
2.7932148626817446
2.8225161488772685
662:
3.761421052323437
3.6281300187744576
3.677734167151809
3.6860508487808263
3.7507060641585848
3.6353034481515527
3.712642067024097
3.6413207547169812
3.5996183376626694
3.6782732467973913
3.668722320470382
3.6964768183291907
3.735197802674149
3.700044657527321
3.652514636203911
3.626302977342238
3.6441746311716368
3.7021435021625133
3.715676607786351
3.6631691539754496
3.6948335883011914
3.610983874737088
3.677640193893726
3.6586734116775004
3.7481503415215816
3.573766932962834
3.663388243303434
3.6024630681015735
3.7041605520961407
3.667394242465198
3.7132659471189537
3.697936058468437
3.6939692715047205
3.651841352775153
3.6471592721631816
3.706137623077407
3.5787181580927676
3.750696505485239
3.628902269569245
3.7134764301432237
3.68011166624201
3.715924397132305
3.673230197594009
3.624625239600911
3.7062314336246716
3.6967531762406343
3.628752200704225
3.675993989139221
3.7172044340379022
3.705663457790656
11707:
2.2880316168229813
2.3277766619803173
2.1526078557630393
3.1307692307692307
2.189658128450434
4474:
3.041581025966619
3.0678348191413054
3.0285984637648893
3.0461723511504335
3.0303195465304595
2.9826925805078734
3.000175707622516
3.0613187736245275
3.054651305218713
3.0606625434211643
3.0611400827189352
3.0645152647724685
3.0025634753681327
3.020614349838884
3.03226545671204
2.9908387473538216
2.994933288295896
10608:
3.698806399729112
3.5935538024398683
3.5346277516695523
3.600522164689432
3.688807350052005
3.633043221350929
3.6450974476558256
3.6488279109888446
3.5983615883490727
3.5874889955414195
3.5726126579447612
3.6570545125305363
3.7752758818651526
3.5526242710358233
3.5896368761399438
3.6439596125492244
4847:
3.9691238622663256
3.9375609994144054
3.8700561574814514
3.952538391264628
3.980087669381513
3.8474620034035563
3.884729054736703
3.993812314661312
3.8491135851643867
3.7759893959477373
3.906225071823138
3.863534810699837
4.047842077300417
3.889549815855786
3.9820218129321137
3.960273511143156
3.8965388276893784
3.916783824342469
3.877298991154421
3.9086606914212547
3.9484910691111583
3.9084258601675588
3.867246270173978
3.8831273288357053
3.975752206582013
3.938740220931404
4.040562013883081
4.049919427036706
3.94861008245692
3.9425813966387486
3.859063824363509
3.935385758398923
3.9128172085646313
3.9146613705294597
3.8524843457753923
3.8943685597891204
3.887109375
3.929772502472799
3.8773265166707067
3.940030520785041
3.928490826002656
3.8337685948028337
4.0217324972445185
3.851801647357132
3.982298720842739
3.7845595773204006
3.904552694749594
3.9226338378134176
3.815968516542156
3.9046300819627637
3.9449921607185563
3.9617153649594488
3.9925561111319974
3.9429943304331054
4.11282073930133
3.9276855969893947
3.970832319628038
3.8955493240618813
3.855632051256541
4.065315134484143
3.8914546403419785
3.9616033825099084
3.9375088806161016
4.000958367748403
3.9145138562705495
3.848193302807966
3.867835008747739
3.941323310801335
3.8661546643308515
3.847642791114597
4.007956961535983
3.875248711800418
3.910911297440424
3.9775590358696893
4.043657443050586
3.9531834308179117
3.9807264640474425
4.073228473680883
4.022387703470333
3.969486151263639
3.9839840410373326
3.9711028110870847
3.87093773145221
3.9180356518699755
4.008690826569948
3.7935970767458036
4.075521462797344
4.12570377390044
3.9132012061059114
3.8594865899947077
3.9035499985220654
4.0111491829204
4.013689214731657
3.992614663712532
3.9650189258024118
4.028142589118199
4.022809824692541
3.912014800427138
3.9740494794917245
4.007635894196171
3.94064578546378
3.844259489066712
3.984400871459695
3.8354969603327027
3.894158682220828
3.964571083974069
3.9590109155713966
4.025266637134971
3.8332152504096
3.952897759829736
3.9512910333021605
3.8177180253831517
3.877065195529121
3.929044951028613
3.8959925653140632
3.8091763469733233
3.8561431042213825
4.018119992547047
3.9879551053928277
4.038908774562866
3.887388691812061
3.8519700319086154
3.8281318043257366
3.9419360077960044
3.8004943622388514
3.813824584284317
3.92042083711063
3.90238149454572
3.8763324053013632
3.9902631380658558
3.873723588198832
3.8381802246832923
4.024423370531092
4.017693404876724
4.0019026227845895
3.860057652463742
4.020223250425186
3.865874754930227
3.88385605496889
3.9221221945484146
4.090005994690417
3.953298689561681
3.8652541035353534
3.841574783133679
3.940421109357558
3.9506305290625257
3.9214417196128495
4.02316068170163
3.9653637501738768
3.9626144135988737
3.7695422111761405
3.9041101630990496
3.8326509959059756
3.8702002355712604
3.9728578570879165
3.9300789502946736
3.875938807565898
4.002315221207865
3.9126227620827723
3.9792504328940805
4.092313389785846
3.964840182648402
3.9246296615278613
3.9033650653088334
3.969252102470906
3.914696326511253
4.021703482856756
4.004783568307734
3.9467163574013533
3.888909618297553
3.8223691702665565
3.9678212399289245
3.8924281082230374
3.9991312697178913
3.874212900450003
4.069473143983902
3.916698754973688
4.029916116101255
3.9335238095238094
3.9871007107070118
4.016978003433754
3.899025341130604
3.940918554034446
3.9036568527014386
3.8181473524579808
4.026873470741924
4.071293732233493
3.8390663002621688
4.018796165330818
3.9788379185395346
3.9997228317357663
3.922719383402465
4.042577935713132
3.8581842279655403
3.933602679956685
3.8969680294943045
3.952252713664976
3.853322215216905
3.7815587944664033
3.9616332251401594
3.8991798668751505
3.974699902621927
3.878338546002745
3.8693394908299386
3.967775934757067
4.035557759579687
3.9082706766917292
3.8776767068983826
3.8408226656626505
3.971102120659761
3.8724853269891897
3.961691147280667
3.9656912076271187
3.890185884545588
3.865936683823449
3.886402557369563
3.941199343299058
3.9609759032003025
3.8613592296022263
3.9636627293077473
3.8827947139773196
3.9376266473398513
3.948384960487157
3.9692817481640694
4.033137583892618
3.9487767226458343
3.97441214720045
3.775406871609403
3.8460470789462615
3.9741716650094623
3.892909604805949
4.008625063419584
4.045640438409946
3.8603896621546214
4.046379932015426
3.837513148688463
3.9142635533276993
3.9355130982863895
3.9012131486239503
3.9424432994801895
3.8637729717898424
3.9205603148877053
3.8404338656221753
3.9516243215606073
3.96989378772828
3.9721312851506756
3.8346573755689124
3.907416567561594
3.929679411930329
3.851441042140077
3.965510833612071
3.964373831775701
3.9766870185651912
3.9745214823864794
4.042635247684424
3.8474999459564625
3.9365903914976683
3.794096138845554
3.839968152866242
4.003961744405584
4.061158363710004
3.9413352839473332
3.9711419541019652
3.8407803089147237
3.917522257623424
4.003785369546702
3.921329573885072
15674:
3.3957283276231607
3.368141311726389
3.4194455108868533
3.351186556148518
3.510589380585963
3.432279302792241
3.504684960321254
3.5127228258313345
3.516386182462356
3.516584221592912
3.408284023668639
3.3471029162335175
3.4317554339641583
3.386734415123204
3.3793856565713374
3.601183447142784
3.528267023783289
3.263687222412026
3.373219969844195
3.343804425410421
3.461063365989326
3.3688459822508428
3.429917640298793
3.5757771185347607
3.4248925003161754
3.2548373464513465
3.2749576259013473
3.460701640353728
3.457596872875595
3.5186997678156815
3.2269223744292237
3.3552070254275246
3.4709365836830908
3.2404276290848433
3.445009026180505
3.422144458167513
3.660908971496125
3.321057112188622
3.6225568548274025
3.5041788069314523
3.340866089840345
3.482579399172104
3.5133190215583707
3.1157909368918544
3.2606095039691936
3.2918539750928013
3.4349992215475633
3.5891570655677962
3.3198038202271904
3.3240572600995213
3.477295001633453
3.413844361115676
3.323213441848254
3.33518464463501
3.198765769636371
3.471987720644666
3.420693442108566
3.478723007032174
3.366491961187053
3.3896287681885373
3.4804703688354746
3.4537380699893956
3.38282286745581
3.3644631243319627
3.386041874376869
3.23014440433213
3.3012997388231677
3.4316947166595653
3.551049680532012
3.3150558710693403
3.324494012503537
3.162953415577242
3.2745210727969347
3.193587498316045
3.4223745396876595
3.4826371347283893
3.6571321974878748
3.267748535849243
3.2374072150777407
3.4134682958899143
3.4495126911597684
3.3022546044739256
3.363006356034775
3.4141926140477916
3.5077752117013086
3.429839257414535
3.3176554616740623
3.533769551382602
3.2502761104441777
3.4139046853160244
3.4831726774139935
3.437250794079881
3.2725577872613134
3.454101750336603
3.402211552191918
3.374783968397663
3.5192712977222986
3.2994399434506008
3.403738579537497
3.4776577806327285
3.418114561147853
3.4768816468118127
3.3585208702085616
3.577207551200235
3.43237175174055
3.197400843265738
3.225217054579546
15358:
2.5376884422110555
2.6212927756653994
2.6362554904831623
2.9125117591721543
2.6551295704650335
2.701288497800126
2.6128668171557563
11283:
4.099427877947296
3.9751983234118056
6632:
2.9791676425125297
2.9330962059620598
2.976404386609969
2.974850354971927
2.9173436230706744
2.9486947609573764
3.149654491609082
2.9938110434193983
3.0624590044457403
2.9114482523055902
3.069825265360015
2.9592422502870264
2.976312127443039
3.102161648885662
3.0307457068924957
2.930363495457474
3.013906393606006
3.052160376961589
15440:
3.0256539235412476
3.23365056124939
3.1483939691904292
3.302699233275428
2.9827682916769778
3.0640587416128624
3.0229324611512203
3.038347584271123
2.9698778376045434
3.0502478208853185
3.2322054245029816
3.04803582332587
3.0683853472299507
3.19253311301025
2.985137298362271
3.0964370271987063
2.9506199041403582
3.097003305705936
3.0079597739439876
3.1195866988453793
3.309756466495235
3.0738741127273164
2.9893447365406813
3.273661886487578
3.1265150129480057
3.247240594851919
3.1747776292555736
2.8590016445777304
3.204296528100816
3.1877861176306554
3.262559437667976
3.0245272501179197
3.214118558698179
3.181300219138057
3.2205817540766857
2.922844632341839
3.0231837109455824
3.2682090831191086
2.982102819500387
3.2643037726123563
3.033623326645397
3.20432239165258
2.938293201178608
3.0680412371134023
3.208179816202939
3.1623536660505236
2.9637512696083963
3.2175738773463696
3.07402782855842
2.979401861754803
3.3023649581301187
3.2070155609825015
3.045464128823096
8783:
3.066666666666667
4081:
3.0
3.0
3.0
3.0
1263:
2.8155619596541785
7219:
4.078660126386495
4.042541152263374
4.064697144743357
16128:
3.9933930123174113
3.7486296414581526
3.9506111181737285
3.4168502031826784
3.630214072091925
3.945354483651667
3.694303213000605
4.018461280261815
4.071721263493104
3.87176932113787
4.1621035058430715
3.88090503443593
3.243026944046235
3.749090909090909
4.0788015403400015
3.979696132596685
3.787231869254341
3.973857208377924
3.9700431750249088
3.4695570310177386
3.91491942598365
3.9768964363544295
3.7137857281742175
3.5672394790356883
3.7715093013194894
3.7703105766499383
3.815649770925751
3.512100439792634
3.8203858826615082
3.8044124184076926
4.047521250499173
3.770406186635539
3.364781767067724
4.052644406531806
3.8830026336472567
3.846814814814815
4.027851140456183
3.8377819093040175
3.9955959704020683
3.7670404910872386
4.074883319956004
3.6977718210755572
3.6859625315934683
3.989379411373019
3.9957176707935633
3.9165406127976925
3.8038363875546852
3.729793444095195
3.8676013843286894
3.6753635686566577
3.814115202216657
3.7343206951026855
3.4756977863330123
4.020842477008972
3.831348468590976
3.762180002095484
3.54389816360601
3.9289114079533243
4.304571428571428
3.867913721667073
3.734190596283516
3.488443950067977
3.7131258723387526
3.890842542050849
3.934740078256009
3.58951987824963
4.105557841260755
3.726639202947208
3.897176122475235
4.038227184532117
3.759228325624958
3.773585680269316
3.892180340542681
3.5146300592936326
4.042507002801121
3.9625638015970406
3.7662097884591312
3.5368375283830136
3.963649135130389
3.975184198759696
4.1879194630872485
3.9224334437228507
3.8922260783341596
3.542379033028329
4.189965022313352
3.9941934967163224
3.891426109435588
3.685865378572262
3.7266408197175296
3.8333228028053328
3.621229109936462
3.7840877215351267
3.8280519021978994
3.893292174203237
3.7563590665415267
3.768888951785234
3.8007699597251836
3.7784320211710223
3.5588806809689015
3.8794996482857753
3.887971910449553
3.7103811401129794
3.65566521404768
4.12522007832992
3.7923368240290705
3.6166201896263246
3.7595646455844864
3.402579198205775
3.870743438709003
3.719513375713963
4.091522966580192
3.8653571521304495
3.5056579372777237
3.6882383399398666
3.7258449939301004
3.6263328205400245
3.645757804960747
3.664699158975759
3.518028047970624
3.7929589623734024
3.684031710079275
3.658177702320317
4.036153441933789
4.000083198136362
3.9533657434876646
3.9364938640287432
4.011195558185046
3.8914314665090455
4.04752260931594
3.3567430780517156
3.946032775288847
3.9532642161482876
3.881852708058124
3.6388417018923085
3.7580661124307206
3.9147089007849556
4.069906774796045
4.086561581619022
3.942598954643282
3.613721246960721
3.851591467871619
3.547950057557779
4.413413466652484
3.5052679460542655
3.8166332477559357
3.9700025335698
3.712261411591622
3.83746325614976
3.8177395314828875
3.5429335089080665
3.6052465146973907
4.03828677839851
4.045365673219193
3.6632241699506274
3.7668550827844043
3.934475694828923
3.9055968995934283
3.993516917757471
3.8012026703358304
3.468424299490243
3.7543797479568557
3.528243601059135
3.7125919838631356
3.726285188020816
3.5325499412455934
3.9753673425565204
4.15310650887574
3.9785757031717535
3.6454975941342704
4.064538159467304
4.022060552070574
3.843397656956979
3.5156379104568964
3.733164373642288
3.640978285962601
3.832965240530292
3.656746829673718
3.6601385500174275
4.039238012384218
3.504150850229917
3.9631890139233263
4.102409057283459
3.5488826647028286
3.6832921651532597
4.031641975945904
3.671509281678773
3.5958169075777486
4.258878323306812
4.12940234791889
3.6458861675641248
3.6394024956735587
3.7547612788045903
3.438419843491995
3.741476276630061
3.716212362461085
3.6399892709258856
3.3094893486902457
3.610441679081588
3.7099115832046556
3.7457174875927213
3.911883862255233
3.8823048630976706
3.473234624145786
3.8459653693060196
3.7998964219890023
3.914694784550565
3.4846653346653347
3.5089209944577733
4.053806675165898
3.8562475304034773
3.32547053575222
3.946805071162749
3.8437703848662754
3.7545405258877746
4.11550491510277
4.100386581868063
3.9871084182029133
3.941372615854291
3.904007005190043
3.9864513774075108
4.204347433524446
4.018804551983206
3.806394603542048
3.611564172658565
3.503727428350544
3.9694787765795017
3.94030795190888
3.9448799806029258
3.68141078338981
3.6682728948985863
3.6196486818086604
3.9305177606037516
3.590949943339455
3.6933224553009665
4.122680379443611
3.6399425380120736
3.931078812047434
3.8950404348528473
3.945230582198822
3.8638007722762597
3.5281570225316994
4.072065584667368
3.7977988890619323
4.094113851658504
3.9801216933945236
3.5893835535210266
3.924936949330189
3.6730710725234608
4.043924838378346
3.9819539411599147
4.2966221969912
3.849257149568383
3.9173084311989443
3.845290751710469
3.8538298068927284
3.8444975441391214
3.8199144572774006
3.9922020137152816
3.9510585647511687
4.234580734580734
3.3518473361703465
3.833278896277812
3.542422112907004
4.173074538013147
3.564364311281983
3.6355452674897117
3.811478356896131
3.71593041376459
3.519270956084531
3.7274743554200165
3.9416744864977584
3.9916531004883824
4.185345776290884
4.000825082508251
3.790402563031063
4.126436046976113
4.296214876693713
3.919209157127992
3.693384836008697
3.4713304250150205
4.046699974541752
3.6793487640708
3.83996170678337
3.875539207490386
3.7504981790696075
3.8645458406921374
3.454968112784003
4.095263503529798
3.789300148904488
3.7605119779727385
3.705182011343881
3.7366598997714946
3.323517272319426
3.8824107950745503
3.6438972353098054
3.6786249901333963
3.859231451473451
4.220269783452748
3.824165641062767
3.646324359314832
3.6202116315314576
3.453127083611148
3.643019005847953
4.099128301721494
3.9798786064687786
3.6594297492270695
3.5426680410133997
3.7551893070540596
3.4017582278079277
3.641634886089092
3.8839132538600274
3.909403687418036
3.638041657017532
3.9804262952411102
3.7588861780303584
4.02635731356088
3.6383233772201464
3.869682196569011
3.6480125268676025
3.7371349495549246
4.1458451833083405
3.980244122965642
3.656124609897459
4.012177724177489
3.4612014021669855
3.785073952238656
4.156863174491941
3.6181477559664414
3.6970753161077514
3.861032622656049
3.442643063710455
3.613081230219914
3.6148631316647735
3.6901204769137936
3.76108543449412
3.5996253848151034
3.5682603106060267
3.670795185533784
3.8628560858305585
3.4941407345107933
3.800463837828552
3.4798354248945627
3.8469799877926834
3.8128147563861416
4.062581249025012
3.633272936913194
3.744875338987183
3.5161756732333274
3.7619779848857053
3.7363986439785406
3.9861427467664736
3.903849211396591
3.9322810912274053
3.7424583099119357
3.72201805725693
4.093840149329713
3.6481325947105074
3.688638656154147
3.646951829305126
3.783332241368014
3.9506699633115328
3.5572870911475243
3.7879045733028036
3.3383224971916805
3.40302902818679
3.6857237936772047
4.077699043846891
3.721230666980518
3.854275071796184
3.658424187928515
3.707943453086973
3.625397492050159
3.7912954578647584
3.426451301166563
4.085723990982923
3.740962055572154
3.860719133076244
3.3994457660704915
3.623116748640953
3.6515213191920837
3.943016939722698
3.5141021714115417
3.877404958677686
3.8020138616450896
3.489106392391064
3.909728343617277
3.60092952670018
3.798878663550027
3.83780862914623
3.9272386189514688
3.812683412298087
3.7194189699690914
3.6058137634174248
3.7562569961291645
3.5746484069797724
4.148085253002559
3.574846594131903
3.7229417282406567
3.414822275172566
3.4895088539926493
3.981667685128604
3.538810798750558
3.914038077257849
3.633298867161313
4.154136928363733
3.8817854852650067
4.095463401057612
3.6768013842541096
3.754794353857386
3.6674752752379174
3.4204693611473274
4.1259832366215345
3.464727081496605
3.3623545430928683
3.834489480020639
3.5118392386194244
3.5989245749164365
4.082774756544834
3.7393408992147785
4.07401802962009
4.140428283443003
3.6484180884545303
3.4143637238792346
3.5381477468289884
3.5205557991298777
3.590642813467721
3.812805017975981
3.342027280414721
3.8105494016817594
3.6127227044312473
3.634091354636346
4.112902486360928
3.561879276097992
4.065901198894887
3.967099592831456
4.1335346215781
4.063097133757962
3.5659917553009772
3.865896902894475
3.968994219034365
3.4235585280339413
3.9057971576929345
3.6723034571520503
4.173757393379683
4.025898793003292
3.721593192757502
3.818505578031139
4.03643320005515
3.6092805025556984
3.960284038283421
3.945438039037676
3.8682027988745658
3.4587914964917794
3.7121804426695166
4.009171640704615
3.9254497283818686
3.7701425785190663
3.5037182802095965
3.6433786612658916
3.896951466216335
3.6790220550521457
3.936851941356533
3.862257368799425
3.840776182881446
3.7589108624906125
3.4632362185292624
3.8548937344741927
3.7457473785210063
4.040646830530401
3.874305848109992
3.6088542842097344
3.7559284307850356
3.7672139050322717
3.793005703357126
3.7534305317324184
3.526326256068316
3.566332261688035
3.6575572217837413
3.9338388596315115
3.7413208361595856
3.8635917866993563
3.558090546279284
3.6399602597310436
3.7794525349733914
3.80893798644238
3.849204224561525
3.80437519298829
3.6543034007614805
3.9234349689351844
3.308296460176991
3.776722290413822
3.912274368231047
3.516969537708961
3.421040618792003
3.3642379540911285
3.55091652422721
3.992760880139632
4.142451018056089
4.255716728954202
3.5211052397020435
4.0543309022371545
3.4427259322971064
3.944798548094374
3.4900214780195977
3.427913478835692
3.9482845959014505
3.833957852933641
4.1231475457239934
3.5606101276671893
3.718807447989662
3.8593649681900426
3.8192845737708825
4.178736634564344
3.8802020361812
3.398923290917521
3.706564016844
3.650387009927646
3.83177972465582
3.7511806146938143
4.046299182716417
3.7376813905278263
3.8817549179690536
3.927587217824685
3.366240186100611
3.9793148497604878
3.9796940465750756
4.011493972969682
3.8099462729694342
3.7334958739684923
3.7924969438673606
3.531462537150008
3.5327463852301837
3.942049850536311
4.06471702082895
3.919972619862504
3.6902236353434685
3.9418100969831715
3.380879860761233
3.8994011976047904
4.031238851230824
3.550530425040263
3.9252503799945866
3.9818916410359075
3.858711266160476
3.8771997364388144
4.0495234432938725
3.4579806529625152
4.005145197815373
3.9321059749200886
3.872012110910443
3.863123345685548
3.783283511175341
3.452688961699243
3.859758545921782
3.9658148701916542
3.8187856934218347
4.105806168367907
4.048678001163617
3.663371114232712
4.0282164508644565
4.165693601120972
3.8518556343062564
3.4823816407661727
3.829098019389758
3.668090039831491
3.9529779871084725
3.76405171469267
3.8314662683594722
4.238689915174364
3.9184461158111055
3.8240192026134676
3.7119083959200414
4.019003335082291
4.043366331999345
3.967094501069586
3.633829778282637
3.8645623771534283
3.883354712219337
3.7437629346614814
3.989687023585329
3.4025673261430556
4.171744353676117
4.065776785261128
3.9284954147117883
3.7091712867340654
3.4920321448645693
3.9414606568330166
4.03445194598888
3.722635812570586
3.7163442589351874
3.5097594720466634
3.9530580004513656
4.095924449549204
3.4243889019885247
3.622469135802469
3.6910133022742597
3.712368893508457
3.770079086473851
3.660111464968153
3.6233216870476666
3.8417660328714147
3.859089195130801
3.8689465371925382
3.6986309453558364
3.5851633387801733
3.889751449323649
4.05141065830721
3.723788534232181
3.543054046042881
3.771737527648071
3.911368761531628
3.8847774224658647
4.090643125648484
4.050965495409939
3.5132990802770525
12730:
2.2566969227363294
2.3503972479318533
2.3385594183140195
2.354895104895105
2.1607435757244398
2.202585695647017
2.1902843891126573
2.1811023622047245
2.326116171420039
14632:
3.321681316204643
3.3068108335714395
3.3003198238347404
3.3636884119610024
3.3056650810205794
3.3126185312922614
10510:
3.1259455003878975
3.0634478841238284
3.0560024752475248
3.119159808440433
16650:
2.6795646916565903
14497:
3.2098330525348446
3.213720316622691
7180:
3.0279676899352137
3.05596910505401
3.051550117452696
3.0550891316848765
3.0122700647415477
3.0349722544844497
3.0430354854002424
3.0670456652042266
3.054166975794328
3.07364574280812
3.097611807714647
3.0318926463082487
3.0174052787840817
3.0414255913724566
3.0271074731582863
3.036768102193769
3.0329732555100617
3.0714241280637
3.037711766071014
15113:
3.1190445778515774
