14370:
3.210053732079187
4584:
1.2692853922081802
8619:
2.948949202107785
2.9655117568305704
2.9007254659619517
3.0380912202071144
2.8611304544643636
2.8107527004110704
3.064555525908219
3.148393029711579
3.207937828293562
6085:
3.865913439504815
3.8643416143169556
3.8775229423830733
3.9339936279007626
4.014371936452652
3.8745240754953607
3.953903274524316
3.858432084262143
3.9212684541342133
15389:
3.826472355896479
3.732215164548002
5561:
4.053486881965386
3.980452429763762
4.148349632375246
4.182147339762341
4.13674089141976
4.157893623973813
4.105023609472592
4.058348211179867
4.199864795920468
4.138043295574636
4.105272484241407
4.053108197637121
4.098848647923532
4.039025860710617
4.1590163927129975
3.9784965764917475
4.036876527543661
4.173147331138888
4.045338458674183
4.076963014979324
4.154541085978447
3.9609409470930714
3.985041487872841
4.144825343666581
4.098179287221714
4.104362263446788
4.019861691381193
4.002114365412455
4.150443148621968
4.0246071886026265
4.006306680391214
4.094435791964673
13352:
2.8113279509622653
12003:
3.6237059428829412
3.514529122554481
3.495081117648735
3.540692235458636
3.535746114113863
3.638709474975353
3.5649364098956875
3.6591997746940956
3.599039461065226
3.5533418996877026
3.6271335184963256
3.5251148999547786
3.596388957243367
3.529726520036905
3.509353966535289
3.5349665253683553
3.647204636147131
3.5189224489793838
3.607135236699364
3.5686308978356664
3.534815608409528
3.653116930053946
3.6839599546873902
3.6431890486259935
3.4508902962823527
3.6196284631776328
3.5300827218974553
3.46096916233839
3.51576841678193
3.7031583939142085
3.5452572804314615
3.536320949064104
3.733213022540789
3.497731433346361
3.616044924071682
3.6434721271301704
3.7465501153419094
3.692960807092077
3.5294282037466576
3.6384855953452386
3.5851169289209643
3.589396815372227
3.4929618085541456
3.4688144238399756
3.519162138232816
3.700331567836697
3.593218380249461
3.5473962504822754
3.5606890296827114
3.5719829868596085
15881:
3.9202446618218243
6123:
2.793077808591151
2.801371388969184
2.803647646393827
2.780448237565559
2.814879365213994
1348:
2.5206529854562105
5732:
4.1491276446715295
4.10054217798178
3.9537800923595934
3.9323787035237308
4.040039153436991
3.93230522155914
4.035526450298085
3.9131123541640203
4.167533537190448
3.963444440678635
4.110215231966145
4.073620159739894
4.269149667765943
3.9173587761025823
4.055072911254418
4.239427475779536
3.9679266081551465
3.907432277032555
3.8718409492535715
4.006329953977018
3.8868744036292266
3.9296359120088717
3.9551120218623503
3.9815295459228337
4.221084168519476
4.266668026954052
4.208455771492443
4.159191719067725
4.068165532738346
4.017690675823932
3.9219771646762296
4.058225241743785
3.7534824623034
3.971598406167816
3.946472931875561
4.001875377304923
4.1171550513216895
4.242822879271158
4.083680948210617
3.9438336185017007
4.06384773528238
4.037289877902444
3.991352856849194
3.951111264990055
3.9631772494706246
3.977133415908947
4.12762787757377
7705:
2.9771703912218364
2.9808057525986205
3.0680714533993094
2.994517784670652
11890:
3.2253141276007464
10276:
3.9451331788928052
424:
3.5464701538993473
3.607482718321904
3.4735922357198024
3.5792344359392763
3.4253866094387897
3.6986016439164637
3.638384239353202
3.5744830537749603
3.5407691007339746
3.710981198996952
3.4992692991055985
3.7583136015125835
3.735912933633579
3.6739141106936923
3.5523778688844474
3.593542067493428
3.494047036300214
3.483827399652365
3.736360096082685
3.496937001588069
3.561140513313696
3.6336846779009098
8539:
3.7991481692015205
3.8039594584730567
3.816829801564089
3.839136878470635
3.7837744314048676
3.791437883323239
3.8108458959886233
8376:
3.853178910842042
3.8675372787798867
3.8653342777423982
3.8500885425784652
3.784236627659026
10271:
3.2095779230779127
3.1693069748982814
3.235377927657404
3.1975689573670647
3.250420934358709
3.1919615496636036
3.2172662280779805
226:
2.3427695558903916
8576:
2.813512908028087
1897:
3.6210321484948116
12962:
2.613266883566566
3835:
2.777742951937457
2.7456672042046266
2.8250719281670764
2.7969990751438005
2.784617022872717
2.8230369583203574
2.6923828597834794
2.7425656159042475
2.7859968015967707
2.7892906743646337
2.730636466277589
2.7175404193314843
13102:
3.147014059140389
3.211563644632228
3.178573809856672
3.177783236493921
3.21928632150306
3.1585947310106284
3.2133967224781066
3.193815479475875
10851:
3.6184605344773977
3.610576126221906
3.6325675376374544
3.6242047480050337
3.6585060216979532
7055:
3.498631703276784
3.5097352787905307
3.4157553428546428
3.4174798474453745
3.4207682638633674
3.4606268288392403
3.5414750333786613
3.3374420273262664
3.5011769428172625
3.5788896642041927
3.575332305903577
3.5790349331629736
3.5982636373269896
3.6682324447203776
3.65817105981151
3.3185231792041803
3.3999939521284794
3.630878706190345
3.5478520081492224
3.534426851779311
3.6079141326354334
3.573313548519868
3.390881973353146
3.6483035266862918
3.596377255642902
3.4973391293140934
3.516015751495077
3.528217276988422
3.627361937195372
3.599048104906521
3.5194156351129986
3.3254251184321117
3.620779678015337
3.5833928756090465
3.3581820577292745
3.437202587537642
3.6345615829937303
3.434812789275731
3.5637214046820507
3.4972917413604474
3.671053512883762
3.682658949991778
3.588189134295053
3.6097391538787544
3.669905873032716
3.4393194565311136
3.578618172173153
3.65910075530041
3.2530738051417183
3.6422242117915915
3.591016994842512
3.4290865913103885
3.5552576918508048
3.6915940395075832
3.567808024818718
3.5277672156180806
3.5732556682848293
3.6267611632680157
3.4290330484080758
3.519389218156818
3.5575490060337773
3.4462347586722517
3.4464800452240247
3.703925925486036
3.605909301331234
3.535772931361792
3.596706056233825
3.6694220091208765
3.5246159016399994
3.6225524948107797
3.3878790960247263
3.4346915793761625
3.4190656849424466
3.571845757334387
3.500059763401046
3.604161166693159
3.671708026021652
3.6701788698168136
3.5181126344335794
3.580487288514565
3.384531080952325
3.6182027536312127
3.6054279482183595
3.462807787353054
3.5783411276452344
3.4931100431418884
3.3787948625471302
3.603630817790045
3.556674740131641
3.64808684427838
3.627341602509857
3.436511410987124
3.2947417888517743
3.367064985770981
3.5506920770313433
3.5361023871818316
3.548270532096316
3.4885891296502143
3.4294140880252098
3.5953081647293845
3.46162895348381
3.54449564970347
3.507305961665792
3.558193442889447
3.611154198090423
3.6366889635756983
3.538504484092293
3.5514417925166692
3.4680388422712456
3.495453175058891
3.651279620727004
3.3984081829475308
8936:
3.022346860036748
2.9575083571309464
2.942001987341986
3.026979095213254
13953:
4.004451859979972
3.8796734319331923
3.9543196509008944
2037:
3.2026928975697726
3.1519598761839736
3.1669208657366346
3.208752347870513
3.1450317906700342
3.157128879598973
3.208515363049142
3.1393542571514477
3.1786186164928214
3.159533448319187
2554:
3.4581435823663393
3.5073147603078683
3.4917819951771096
3.6090831321599035
3.5991773555120945
3.4891030982967965
3.610091293491825
3.481530417578844
3.454570183518485
3.5006394747735037
3.489337552629533
3.4795956172606792
3.566468376359208
3.543144265321757
3.437947604884322
3.742031689373466
3.3893748463778564
3.4309086261331374
3.4164642065315913
3.3790482622738005
17603:
2.1090083301838765
2.1600233638610957
2.1868908979198483
2.167433722327377
2.153055841487953
2.1699588979829207
2.159906719104364
2.1300309148005123
2.209902154168142
2.205597225554925
10680:
2.835931218649527
2.86775071341214
2.8609978071055138
2.8824628831587407
2.8206384067540835
2.5922149540638544
2.7151582951010527
2.763890916175653
2.7723839647112536
2.832305809087965
2.964235178445487
2.700236471655017
2.938129308058231
2.7999884065069867
2.858891226571353
2.551093443292568
2.8258796628731924
2.812332001850812
2.9608624863449684
2.7773734542487976
2.681399760960785
2.677868833181363
2.854739699212046
2.853478984854649
2.7713679277767125
2.803151156574571
2.8229271366690125
2.775017773826254
2.8212218079712597
8179:
0.8297318752267553
7693:
2.5896633675308225
2.745793405848149
2.7206947266101738
2.7515387432985565
17243:
2.7292222164425644
2.7774245668688957
2.742251464451618
2.7252238088274954
2.79701041272887
2.74357624165078
5936:
3.2026223248420704
6972:
3.7797366352225406
3.6265086296632605
3.4272837265471288
3.3693441202662964
3.5237104223995104
3.5461005719235943
2.8880750884815245
3.1841470212016514
2.8781874810593635
3.7174397390612537
3.4015172941135647
3.2299098263742785
3.3447618478879297
3.6382632563918738
3.5136936891105526
3.3468674867994093
3.1261068486891443
3.4796235015671924
3.5464598926341737
3.3925967377995723
3.5485060026566155
3.088686205983827
3.4248864294223145
3.3054166415328874
3.1654639783278964
2.8375158700584495
3.315480544644852
3.482311977721661
2.804093334833621
3.5011495911122754
2.889761607850915
3.6026034569097067
3.508434329316873
2.9788259241044663
3.5603533051584204
3.055759718435941
3.489520328770274
3.6243951953458318
3.0002987321711534
3.084662013809759
3.0558369438883264
3.671115626748631
3.656441226838323
2.9056349490372466
3.6158132527766935
3.3158410004652374
3.537338815693339
3.3342694911910296
3.7058343157432705
3.427249702686057
3.8183521734545836
2.8994786513792183
3.5468214684077144
3.4825530706952725
3.4923649449937884
3.4945647697792257
3.780000547911611
3.84176554984029
2.662252042417401
2.9762557196855433
3.3950172252992328
3.4161685563362423
3.6451556465616024
3.3131946130496863
3.7117669585948447
3.256432865325198
3.161600078165576
3.5099715748815687
3.2589341539178722
3.182139120425793
3.6793545831821914
3.521562537319556
3.4324111930106174
2.849628618969029
3.251712142577126
3.099249473352492
3.2967675282361073
3.0975532432114696
3.4837028228681692
3.5429101780954557
3.71906260895761
3.3476627325286334
3.0591636101720034
3.4166807631654654
3.6979647530132493
3.378741479369886
3.496168037079312
3.7895952792222563
2.878572753651501
3.429947757387604
3.0356390112670675
3.2375853731282453
3.108455688926493
2.7768175285467818
3.683354678698739
2.9004009621348454
3.8709094679642795
3.3452094637280236
3.6266582657484254
3.077519132937868
3.4551000287181712
2.8744566260309683
3.5765541288653577
3.5635358794417686
2.995644624770214
3.151586693121705
3.16948899373921
3.619572668847737
3.509018849614515
3.3392156491811926
3.4182123832762947
3.0556856838345405
3.3961274902023333
3.3949769340794074
3.1315093819663296
3.5349921021377915
3.3954581037702845
3.522531912381698
3.0256643557068856
3.599869097594782
3.402595807357745
3.1565456744418805
3.1764355741769803
2.8204570028677827
3.5750107498832877
3.555581277149142
3.7469070488232035
16821:
4.162999293161174
12497:
3.2967965981343275
3.220465965059281
3.2779289348900256
3.2133059785465403
3.2596973358907784
3.180664772165778
3.2513523217401836
3.2454153156258427
3.2776063179831287
3.1896603838052426
3.2264811071020083
3.272863429802361
3.3042781488314343
3.3062884419014913
3.2703707753813527
3.2142512436215287
3.2348601223189184
3.208154255724531
3.3080025798371917
3.189284921660731
3.273961677085633
3.254153477463103
3.2236340877130023
3.3254673556924295
3.2993032577206534
3.307448227927904
3.230662138648933
3.349192004493929
3.2222561421531797
3.219836747855184
3.3126913224169017
3.204833554237998
3.219492397442655
3.249354334877647
3.2423671657480706
3.2813033770070765
3.265054873561284
3.273312688011977
3.3285491670488945
3.276906852580336
3.2907213279531216
3.3015509451176985
3.2398949257847818
3.2807586412062726
3.24154483268334
3.2284086161520045
3.0780485323134226
3.2595453845722804
3.284388606136278
3.2844982463084826
3.274925794264201
3.2904023009916785
3.2434405848335803
3.27144767716438
3.2679089675265653
3.2258319285994985
3.329262537885289
3.2954460053876584
3.290966136447705
3.2620622633396823
3.1929966335819717
3.248822812809229
3.2581275675424144
3.245957273489346
3.2928347067017496
3.2587174528047176
3.2073578440320687
3.231621390195157
3.3074075311898654
3.2977170493151053
3.233295981036914
3.2508248762920173
3.2450748594302374
3.163461436479431
3.2673625315573167
3.2621488368941542
3.2838901996361436
3.304464518689531
3.258943547933041
3.2487982660477868
3.2437869213073887
3.16668838312273
3.23054002549682
3.163199591389508
3.2852141864771927
3.2567283597783496
3.155927983493834
3.1891686846633447
3.2120964416779274
3.2204836099681176
3.2711045191709185
3.269105865911181
3.259144061797754
3.298400112288889
3.2807264403438317
3.2935505672286234
3.3120752737693886
3.279381995073887
3.332003013203092
3.243560289850878
3.305356171356896
3.185971638518071
3.200051502979105
3.3218957347429443
3.2213056283127512
3.245972665859407
3.2304682847801924
3.334516776307299
3.230377679375657
3.2140816655278965
3.270223363938586
3.1902326909825565
3.234060131611526
3.2123901349961335
3.18381299820407
3.3360124483364837
3.232610479226759
3.291146738968665
3.2836058008502382
3.2780407745912163
3.3054731392074057
3.292437739075421
3.3337861722880286
3.23380897575854
3.1950047919310713
3.278060433378891
3.2586732673957295
3.3083706118904086
3.2723196791453457
3.385311279784602
3.2134151856249464
3.1804773449859858
3.1796702595314823
3.170381175828156
3.2456203098210907
3.3303763804631723
3.183553840443767
3.2802224310277954
3.2879294840865163
3.256713574375881
3.323585560284697
3.3120926937175144
3.2377423900463986
3.3044101735163554
3.281327454225391
3.2176191802438296
3.2476296078446336
3.2143659320222473
3.222867296765861
3.2725258135981545
3.272169888165194
3.224572203551896
3.251599883360449
3.2720605673457657
3.2263521564075752
3.2937528966886767
3.182443609299407
3.2979340975107347
3.226495481630108
3.2396859358158374
3.226317405252987
3.224593277735054
12274:
3.1747613437158178
3.1420862255924855
3.156033973534639
662:
3.797793300764463
3.646540544033786
3.700702248463223
3.7314319407222354
3.691138214034104
3.6915663046514027
3.6779023709427277
3.6840538317682903
3.651941944941867
3.727049356529873
3.6873652965840944
3.7744842443930016
3.7580049979409713
3.720949774856803
3.7067192923094963
3.6276029171592654
3.728443988466038
3.7609038149408165
3.7515867079231984
3.7709228208801964
3.737575392900082
3.602352002177941
3.8064683541990427
3.7114834056967494
3.777459197592408
3.6824580037201136
3.706596884399533
3.6233733483994133
3.642164867828392
3.6563274477329837
3.7509738584588597
3.7346115518414638
3.7130960936576747
3.7520621885980563
3.69946119376685
3.731097246363253
3.7000864980315504
3.7754939833325394
3.6277612918528446
3.7345878638788212
3.7269274936393737
3.7282711311712693
3.698305745626712
3.603993376565762
3.734800392573475
3.7106462373188864
3.688762835637746
3.7141045683334077
3.7819150943773168
3.690943072779722
11707:
2.3788382615529313
2.405684022659102
2.3406100386127755
3.0939426590396
2.3619265770044273
4474:
3.1480903650924885
3.169684107530441
3.1348106058537497
3.1538653843889413
3.140389131216716
3.1040516439858283
3.1128984951259087
3.1492097296472226
3.1498310344375735
3.164260657386641
3.1595339590340936
3.1597573415509936
3.1237340268131675
3.1102399049138953
3.1380670469674827
3.091012757554859
3.1068343324581096
10608:
3.715911365942477
3.629210749164802
3.5843159308288715
3.6288540485712986
3.6799674433103644
3.646898336192536
3.657681735809754
3.660372634003009
3.6273016469484425
3.6244396417695146
3.598847943974
3.657833686005534
3.777729814809743
3.55025245461963
3.604323403878412
3.6685366278304814
4847:
3.9012139440853075
3.790078966852845
3.8551852294640225
3.8399586540708537
3.997734905581544
3.7715978266271084
3.7781148064639773
3.8700131475317856
3.8773973960423
3.8361949094645693
3.8978150373974003
3.8168739157226796
3.954024427087021
3.877167148433369
3.9543325874495916
3.8879454128494846
3.8320089662158145
3.8862583277757485
3.886001879323045
3.915420517790381
3.948857556067339
3.903898822513662
3.8220009456244832
3.8621593937828833
3.907434340452669
3.9387349484594987
3.978339787522823
4.079864664840401
3.8422046275185573
3.9339322829333963
3.768185315461413
3.925061719095227
3.9614345378178766
3.8520203064697323
3.7703437904410566
3.9020222143891035
3.9162672881983327
3.82073626088362
3.896708544195575
3.8747415168613992
3.8913499896984374
3.7479074773883636
3.953123183427971
3.836928284265805
3.9064855426537757
3.7042907803250618
3.961078514384999
3.975425076295687
3.8867179641266
3.8947984105943685
3.920191619441747
3.7947451198222577
3.9326719033511286
3.90445696219014
4.075598033599377
3.9511429712846287
3.81551209420568
3.8344805428567326
3.7844046723140106
3.898669447601212
3.831867764127827
3.9281137190127753
3.818451312539139
3.9790387724097194
3.8320818662137004
3.827168035889405
3.812844743745534
3.890478259397984
3.7753103494065354
3.813030953104086
3.9055933672581493
3.910420593783145
3.7746450066928317
3.9269476860149655
3.953152825258638
3.909974927848646
3.8796205813998754
3.964377958660511
3.9819616975506773
3.9283641596891945
3.8500370530656003
3.8302961295628806
3.8309790591970123
3.9194305491163237
3.9926718424049703
3.8071646436387105
3.9685512203544286
3.976793619758738
3.859247996596907
3.8411557746478473
3.913031407217062
3.9661106118299316
3.889838681527002
3.8856748293172756
3.8523265819544155
3.8461950164335073
4.009388371550465
3.887477574736121
3.872932404995536
3.82636249335028
3.9046667093781275
3.8681452098177687
3.9330178677567265
3.899909512846672
3.867202261745078
3.842643880434929
3.8910240993069642
3.9098088230345094
3.8869133827422933
3.8561060457143617
3.9371751282629734
3.8730579131304617
3.824043159913548
3.7904271574938218
3.890395042385229
3.816214108563191
3.886037497101338
3.930579795185318
3.8334822334331498
3.932280251404315
3.8060622202688945
3.818261729784095
3.8393758257564685
3.8003874858162163
3.7545547516822477
3.783784326033537
3.995895266153118
3.8129072118360146
3.8887971246440207
3.943760114419043
3.8872591823023748
3.9070865411784212
4.026982832902063
3.9462666694897037
3.976369988952245
3.942678954307603
3.9248340438621545
3.906896125127509
3.8117562699098677
3.9429186739598854
3.9773470263178785
3.9622486745666716
3.9109045163593086
3.7890775750279633
3.8997063860824595
3.9177952110980505
3.884759111520467
4.031083731713064
3.832811393007742
3.8587049159257965
3.8669276690512464
3.8192693143954752
3.819528466017596
3.826342264383632
3.9612505896171197
3.823147514976923
3.8387195270119934
3.941210343381933
3.9329148004611643
4.025569148181626
4.032475294812266
4.003473240686587
3.9444738862839896
3.8732035521153616
3.934899225235809
3.9564535132006444
3.918393693735536
3.9430137811512935
3.943287533181286
3.9235256577078212
3.8314646693989256
3.944792768290974
3.8135763854772966
3.8979119611862965
3.9306173267565736
3.9876643051742784
3.9269770492625877
3.985400578332864
3.8400934100221362
4.007986498180378
3.9306770336586547
3.9250100885927828
3.91481739745259
3.867198209783383
3.9174871217718765
4.012749850732126
3.9726387936187866
3.8421111041237914
3.860140220902546
3.858745903582807
3.855394316876375
3.9386306360770047
3.8686033322961944
3.8543678848011633
3.8409443139669857
3.847621646532385
3.9270428262066486
3.899488814464695
3.731216791360716
3.865510045844663
3.8376142010808922
3.9657122299119347
3.803811555678451
3.988199319797411
3.8385512851326067
3.9072385834356433
3.8891993135108933
3.84776862186144
3.75827126428243
4.027175579551736
3.827962031322261
3.887752289491814
3.954342845613785
3.889518835279228
3.8666904964668127
3.9507929037409513
3.8557536490049866
3.8899151448351397
3.8676301368084762
3.9555976517116624
3.8869221599723853
3.8437140646828665
3.950721933811583
3.8858430966557953
3.9234237482727976
3.946116470611015
3.9501580122972246
3.7186942180199902
3.7982582657893746
3.9080557196193997
3.8941207690572153
3.9140557419511626
3.848733733587052
3.803356814162595
3.9264701577015284
3.876757932232052
3.9159775313786476
3.821538157332537
3.870823366682216
3.9421348022726557
3.8216388260327134
3.832479194861809
3.9396539259550405
3.9777149255760103
3.830098409522618
3.7935826263660535
3.8002059879234755
3.967214237230972
3.8545970049590688
3.7921950243170506
3.854684212045517
3.94277561309395
3.9621951597873126
3.8974136483452075
4.008994567854571
3.799593464116204
3.8738874211160383
3.78375658948411
3.799873409738715
3.8814757147270416
3.875350915770686
3.8742837624542616
3.8296640262022628
3.8138510801547434
3.9277119723657403
3.920231067834083
3.901399176126973
15674:
3.3814763397290024
3.3434333867310126
3.497827781686094
3.3724481051888646
3.4450300047519162
3.3769224910860096
3.4472573626191894
3.439710933939866
3.4642513472680823
3.5063816438539437
3.511069516403044
3.3563400465735818
3.3173791292242147
3.3494225527845494
3.338620105062187
3.549954127181179
3.441517068531943
3.3075165696320465
3.2788056265442442
3.2755970235057927
3.3490339421731203
3.426994130019243
3.4236727143259826
3.5803607214714614
3.452736840741738
3.2904937176513154
3.340913858746217
3.356190679921038
3.4228434399078465
3.4037977155699575
3.234901586271156
3.364672420115286
3.4750296432844863
3.272953931874001
3.4057191236459317
3.365806463883742
3.606421833844056
3.358094111293273
3.519549962323149
3.4193306150990552
3.349833432460091
3.475234808555594
3.3817263484508833
3.178861816742809
3.2650932771986594
3.330853321477008
3.4310841256097806
3.484615835977262
3.411272607089349
3.3328814574837278
3.439559839311011
3.4121467625265627
3.330338301290651
3.3682776464102804
3.223986021011185
3.3914875057704728
3.4504156114115525
3.4070993214842247
3.3447982788944017
3.3946221141768373
3.3974597880331854
3.3668554411247062
3.429897315575508
3.344606404612668
3.3325993826728353
3.260618649935281
3.322952249284764
3.4495825333515513
3.5108764294381403
3.2502431845677746
3.317888885637791
3.2096309958018883
3.185809690895907
3.2855245359932894
3.319064711099694
3.4516601492522456
3.5417790085357908
3.297052677735946
3.294716147882979
3.448769962023611
3.3731910361243287
3.2675952586523227
3.3775622613092535
3.3365591540130013
3.414013200978079
3.403264240680512
3.413193036894688
3.4697418699724816
3.321578263364605
3.347609599315302
3.3720071427841667
3.3104780466963546
3.2896198878898195
3.3671370592787873
3.418980368251615
3.419302685713732
3.4636840319144446
3.2749187047586283
3.38046975023914
3.3844872727798236
3.4553506199491664
3.3480148716312548
3.4038971095768122
3.5178514080937
3.372705071409225
3.158982568544724
3.2289114557782246
15358:
2.3683960154771615
2.4368181843073033
2.4706823507574915
2.7569398663667224
2.50264602557781
2.531941373590349
2.4511576261627597
11283:
4.14288238160237
4.060821832673642
6632:
3.066372221629447
3.0750461184005093
3.0779892020171813
3.1174580094636046
3.024192102832947
3.0483308708782273
3.2014363170526554
3.0973976052013805
3.169864905249604
3.0230797370382403
3.156401463937431
3.038644320692443
3.081447593878321
3.1893408751458088
3.114116810390668
3.042348600343835
3.1427072177794653
3.1462630097089943
15440:
3.1373039442200845
3.253989686952884
3.2343807909935287
3.343812014475749
3.0975211532000926
3.1829726796239264
3.131257810421307
3.1298748963842824
3.0884650129146767
3.1342620550677496
3.3136522542001234
3.1552729291177974
3.2100196054197356
3.2867070645388106
3.1034433181086873
3.161846003460317
3.0717668975812336
3.1784666887996824
3.1442943301989508
3.2226637315233053
3.3538621282535415
3.199864051577945
3.1144257574333993
3.300649019576761
3.246818443388958
3.307144925551615
3.285231900526075
3.0052609920559004
3.282568760248735
3.2953753154259564
3.297490349559464
3.1320669696491117
3.2665498856768695
3.2729380908385854
3.3029394056013244
3.085268941086898
3.1358901152468523
3.2972940729741933
3.0818025551169814
3.343564374706465
3.1664541426133486
3.2838835635475014
3.078272137016595
3.1902259335922563
3.2963143844527267
3.2333029407688323
3.126028171538351
3.2818434586117307
3.169576968337455
3.0996796453012307
3.3623795162055243
3.2786956740113826
3.156924242100745
8783:
3.202824285224462
4081:
2.9835545425447814
2.9835545425447814
2.9835545425447814
2.9835545425447814
1263:
2.7672911853227435
7219:
4.27703398232912
4.268363847628206
4.252102622779618
16128:
3.8809814048986166
3.6880548068383505
3.8576888864463643
3.443378228665022
3.7135276210386325
3.7644973628365084
3.633231950331458
3.8654721426473646
3.945196593974668
3.8341424612296633
3.848995764903884
3.6788710594541785
3.2538262424934734
3.729213004757221
4.010007985845572
3.929235731834055
3.7293710458142546
3.8029415004328997
3.908694585287682
3.4555133720579443
3.827823011824137
3.7990972311678464
3.6845283484615514
3.542113838833667
3.653908195923199
3.699838130356022
3.8445335135135115
3.392188256012952
3.7670206374801514
3.753339400051443
3.90765304022493
3.6829457004864983
3.3826164363477345
3.876064677852976
3.801050908481824
3.7883129232240207
3.90581149623467
3.707918613364595
3.860570255517759
3.7376383510819515
3.889787305323834
3.668311332696854
3.6652527426286854
3.8750097023452117
3.906522868994097
3.8106780390023784
3.7951694169964565
3.6950102294437492
3.7434976253862158
3.6071530899539543
3.778949469154716
3.678465334749109
3.522391667589312
3.933119754225621
3.788523157764726
3.745082788651243
3.5554284126731135
3.7530801282326323
3.99276318372349
3.698419581014109
3.6367367210451866
3.539121850671456
3.7182543952259275
3.856937370861873
3.8850895927013496
3.4773930540624285
3.8425380895654153
3.6600917061617046
3.8395614536892464
3.9206988756702876
3.630597329867365
3.726593446386232
3.757820672273443
3.434642396543274
3.885169649697347
3.845140585056131
3.6803926672678204
3.5806378481240757
3.908122319129246
3.843724607704606
3.9339509251850524
3.8474871700345172
3.749651364356094
3.4501478285582476
3.9488947221337924
3.818079361451584
3.793523031526062
3.6558793849754574
3.5119834955507305
3.7681213458610117
3.6614343592179064
3.7396171141077623
3.7414952876568326
3.8041159713474912
3.7426370910549185
3.64503624467826
3.751701461188007
3.615401907150563
3.5759691026330405
3.802195596742521
3.8090965923020845
3.6703931359062363
3.5342230970374815
3.988620518328555
3.6796770487749826
3.6623800375994047
3.6568229967370116
3.475137719381846
3.8100732791656897
3.5910184107301464
3.929591367802652
3.7754166506874167
3.50427405184279
3.6728396846871645
3.7062967197923498
3.5758556761404465
3.6073550712739277
3.5861184483983335
3.549573984344102
3.82442628924072
3.6127269611026334
3.529750238965523
3.794488694349152
3.886144644356605
3.813211245349733
3.895898693441357
3.8934559399872546
3.7490402705456103
4.016715199243805
3.411343945391384
3.7845221311825212
3.7720583946315527
3.8822482931395017
3.587516600818475
3.6735479592529474
3.7754752440581933
3.9884141255721635
3.9381525087034177
3.846532752784022
3.572423903398443
3.721231933282978
3.5388655784381733
4.025583217148167
3.5103825615104123
3.7821315248515996
3.87745772172037
3.526134264282673
3.8071084144330185
3.7030452524599893
3.569585596488139
3.6022897546463324
3.8701316437306863
3.920460426215598
3.638391681757378
3.783919671491618
3.844133180106175
3.8935385844398516
3.8589244393705595
3.6989395647867043
3.353039625023987
3.6597549532102995
3.492655501265684
3.637776482876104
3.6668589665849938
3.4141495955579235
3.839318728247357
3.9868129058057327
3.8204136108733104
3.604185137196244
3.9204578520506472
3.9058454066644557
3.756282112577352
3.547856622353322
3.587132599917276
3.560679458771177
3.740960615625374
3.640337532555142
3.636556457950089
3.839540885887798
3.439268618013282
3.767967068962762
3.8606522371170984
3.565751176050931
3.6247638637469772
3.934732148845417
3.6226269410631167
3.600454160950889
3.987788744588154
3.89428806103099
3.642420886045845
3.620907013602993
3.7587260482272242
3.433047126013701
3.675689845771601
3.7791889101124987
3.6370241159883436
3.3100470071237797
3.5665037189136948
3.674265147766923
3.568673436156484
3.879295931591565
3.817933629832022
3.5645192072729546
3.8158626366603903
3.690059179764471
3.8425923922890983
3.52240351770512
3.5330161559168576
3.844796815139255
3.7870545901552197
3.2713469640470847
3.885916351410709
3.853190347430608
3.708483712431105
3.9799561714112546
3.959494957501922
3.948693002553038
3.8800649864938492
3.795206343938336
3.829326843805228
3.958966435145253
3.769411047609866
3.6961955461188407
3.579171445157475
3.430040544378966
3.8424590826760445
3.8107920702390405
3.8521669280438284
3.649504712164938
3.6947528797867153
3.608540318402973
3.822180651782974
3.5726843214115878
3.66543543862732
3.932082434716937
3.53278353590622
3.6867454664211947
3.811371575448755
3.83666016703652
3.831876263787
3.554083787099241
3.9023016926977543
3.650003134282977
3.908537845348563
4.01188309476157
3.53362118193561
3.7339697807848147
3.5137398502567594
3.9312176668808374
3.853610825788237
4.124440142379218
3.7615270039681072
3.803262729752074
3.778907866441437
3.641409960875837
3.872664144310673
3.688445944532558
3.8139370428994273
3.850618293425797
3.929952090139765
3.403312815012798
3.7358624857600207
3.5155499304479134
4.011349498234077
3.3866345595289054
3.5986377767396953
3.6947288649979058
3.677492382449791
3.4881786056899977
3.640799972473615
3.8770898041400725
3.798689008903734
3.9219774933564095
3.8641315819780653
3.732808312026502
3.9437436416107055
3.986802556497425
3.7267067093310717
3.641817383223455
3.5110496200313412
3.8882830158144426
3.583064663293032
3.745344585587573
3.7582550298137165
3.6410295104000077
3.881088306630436
3.419535300129012
3.844564829131296
3.7325148075575627
3.7006260685285155
3.6453467455866115
3.6698140843528844
3.3527691098324137
3.7278411602950894
3.6310608240937787
3.6041073180464998
3.7716441428583116
3.975303938519695
3.732188171537975
3.6229690852733274
3.5507852911341486
3.527587013127085
3.711403999210822
3.8449305712273723
3.8475944865607623
3.503915344605387
3.593109465838197
3.710024764053437
3.2745723747588174
3.67454889415981
3.782185642248589
3.777907114110875
3.6385919331314764
3.8960714199322117
3.6535071666234424
3.970805427640759
3.48540989242258
3.788728256046592
3.6800914485545038
3.7123423278231207
3.92558918756948
3.903420417809233
3.5823528338485375
3.858726838016203
3.3501330588220037
3.591667385288773
3.828807939975269
3.6099132766673896
3.6646497491296794
3.781362851909219
3.4248668767627444
3.6379234182919467
3.6382829890231023
3.6331573141809907
3.6147913831268177
3.56508717078987
3.619554296473459
3.6848075319898803
3.8690635187445768
3.559192105339048
3.699353276322416
3.4987233771954234
3.7239517706439513
3.7884120567594723
3.876474097213177
3.6072702600910027
3.7238562542228135
3.560800493875416
3.8133202237771955
3.723340490348648
3.7253090579687442
3.7841849203028506
3.7874094632242654
3.588116841046664
3.6631682405343606
3.853349375870958
3.563293390746553
3.629719301082474
3.6136294457471685
3.617669192404246
3.840960603876352
3.536079601688457
3.6174669811828757
3.409574198967976
3.4892171047668805
3.5969311822797154
3.9823630191864923
3.6295359138369214
3.676962738156898
3.6232600519472915
3.6336303447483496
3.541180565963342
3.684803620282896
3.4854630417799335
3.871368222401944
3.647200100244514
3.849633114566921
3.4201777631263433
3.6233414744653283
3.6392958493811594
3.8520198170301807
3.481798460552258
3.8182104131998265
3.652990595968281
3.4003247047422716
3.7971294356997563
3.535805087988504
3.7188902980802907
3.8520579335819356
3.8260620979762416
3.8012998193089125
3.637495374264035
3.5220487395603346
3.6909995370076762
3.5814599478869624
4.007217260969077
3.56122874152732
3.665639716368755
3.286473598241859
3.42827649614515
3.859355004574438
3.503111553273895
3.741166485288979
3.5936483447092655
4.008481556076491
3.7394531679859755
3.9868521010802773
3.6924833385672873
3.692832149860952
3.639997816138879
3.4423608972072994
3.9765902997070643
3.463176082706403
3.322529252247815
3.7659563289545384
3.5044862614313406
3.436351147801049
3.9010745250444434
3.752958058885253
3.9518001861564263
3.942274036958206
3.605107466311852
3.2931187625248524
3.42977110743746
3.4874831855419846
3.4432702467143885
3.7434230302449034
3.3955367216423014
3.7481214354177617
3.4190627270838863
3.468418946967589
3.8328823850875504
3.510002316071252
3.8528352788389486
3.8179437878881064
3.968703384934971
3.8962445817572746
3.45451341348292
3.851970326361834
3.831211412419284
3.4429984687097477
3.8203333971295916
3.680534502388468
3.970228744702766
3.963967914360165
3.6792616185996656
3.7029964057356373
3.8260782806309814
3.6201638817037796
3.8053972940008003
3.8095968856464055
3.699905675660419
3.4762947453684254
3.6339914210592013
3.75181961405427
3.7761277959657176
3.651253069407062
3.3716673631225396
3.5531160542814924
3.814831930797715
3.4882032586601115
3.8594439745455213
3.7970352493913073
3.722869452007218
3.6514889473056424
3.4832589788515613
3.7462828429377213
3.823666283045059
3.825573442956516
3.863991570002069
3.602532778006009
3.621818116462446
3.678220159924379
3.7114576500679575
3.66719252594666
3.3632034505931747
3.4849232176843237
3.713978257624486
3.8051691866123813
3.5471513901210163
3.870541894568884
3.549015273922446
3.491929486355537
3.609656135024598
3.7487585695832317
3.771962015703351
3.7878229215495236
3.665303640685889
3.794736237254464
3.41127990472363
3.757900131532224
3.80834217131093
3.521840070297998
3.3545838246538513
3.3207742278025805
3.509286616990647
3.917282083936177
3.9081223230269564
4.0459231724237625
3.4620063662541694
3.8326440763183216
3.3844056296433442
3.8564009898635625
3.4375683416153002
3.3888658171330457
3.8427984489925966
3.7044920041906964
3.928367929574123
3.552385742343022
3.696584624706293
3.729539604577663
3.7853592238317675
3.872664101806837
3.9120786855384093
3.2871881065998587
3.6270476053970255
3.522971593966714
3.7854107686861247
3.7840979376916373
3.929697459854529
3.6897401429342587
3.862029640656371
3.837971417264461
3.4087569252830514
3.7864127023820107
3.878654831346861
3.872022574382451
3.8010738044168195
3.5603889002475895
3.7293247815091295
3.500723746721519
3.607103351820623
3.8128006475632823
3.8771527383792175
3.866634190878885
3.609429420799291
3.809556649481942
3.375297994358533
3.668150565152921
3.8270943824927026
3.487053919339757
3.677582654516284
3.9618968107454813
3.7460737225161673
3.825585973829954
3.882673541689914
3.4178350628177356
3.9259856797895174
3.7990031477331963
3.7697847972143563
3.7194987145871745
3.6562422186621166
3.4583948777243836
3.811011914453044
3.7927911959558718
3.6901522032810434
3.96171601039466
3.839457855202681
3.517556753645606
3.7500522014565103
3.9379509412536
3.69804210781559
3.453946033900236
3.701009617834047
3.516529751104557
3.8439284003325533
3.688685952780205
3.627130380007778
3.969633235797556
3.869411073537274
3.866720915989934
3.666053884408926
3.9352261913485522
3.918006489426267
3.8253196088982606
3.5701243555748863
3.9125578936580783
3.826745581689043
3.6123600469292567
3.7947470911927503
3.3029666063676597
3.9759291510579273
3.9244221933053747
3.8352456915055364
3.6859672647729216
3.3223268688510688
3.718801665020838
3.7984715052742053
3.5139773842662003
3.668688977183015
3.4752236289383758
3.824829296174994
3.9718222579644653
3.3704119998677364
3.6663683083363727
3.6350754971128567
3.5980523406260825
3.7075885883508777
3.6053126301236613
3.5471319051899344
3.7667338857998174
3.7823839446490455
3.7945710054036255
3.6703726432107624
3.5503249911459895
3.670571771033124
3.8969978222583013
3.6488591453816617
3.510677008421466
3.607840825610009
3.8220364357123815
3.6972790916107083
3.9195829980832286
3.889622434147966
3.379536318866921
12730:
2.1602285687968394
2.2556519363987686
2.223275284053224
2.3194688016395877
2.0665181213916797
2.1341259966386166
2.1362596457847456
2.123060135161003
2.2251264050351884
14632:
3.4607174230002107
3.4334496195047666
3.407345719616067
3.464543887662239
3.456075596595831
3.4433418428339757
10510:
3.201176824683885
3.1813396184966307
3.222163966329656
3.1961968435348056
16650:
2.4930863814347917
14497:
3.380694132389961
3.376091402943318
7180:
3.1223076809254318
3.118798732212464
3.115619849096658
3.141340887201984
3.0794423265687807
3.1184834181632572
3.1113029454893883
3.1265429328337344
3.1315928355949656
3.159018098161622
3.179885822919634
3.116337118565947
3.10350104586649
3.1161899189707785
3.102264342204453
3.125794889558741
3.1344399985620366
3.1367932166038397
3.1136521970452966
15113:
3.422061721575289
